-1.750000000000000000e+02 -1.492709999999999957e-03 -1.750000000000000000e+02 -1.851160000000000014e-07 -1.750000000000000000e+02 -1.222740400000000013e-05 -1.750000000000000000e+02 8.684908780899999736e-02
-1.740000000000000000e+02 -1.484029999999999898e-03 -1.740000000000000000e+02 -1.183599999999999958e-07 -1.740000000000000000e+02 -1.228063900000000065e-05 -1.740000000000000000e+02 8.535998345600000203e-02
-1.730000000000000000e+02 -1.475465000000000023e-03 -1.730000000000000000e+02 -7.410500000000000083e-08 -1.730000000000000000e+02 -1.227461899999999965e-05 -1.730000000000000000e+02 8.387947160299999427e-02
-1.720000000000000000e+02 -1.466845000000000041e-03 -1.720000000000000000e+02 3.765099999999999747e-08 -1.720000000000000000e+02 -1.216975899999999944e-05 -1.720000000000000000e+02 8.240759183300000457e-02
-1.710000000000000000e+02 -1.458190000000000050e-03 -1.710000000000000000e+02 1.394069999999999989e-07 -1.710000000000000000e+02 -1.196605999999999941e-05 -1.710000000000000000e+02 8.094434414699999691e-02
-1.700000000000000000e+02 -1.449580000000000009e-03 -1.700000000000000000e+02 2.136629999999999989e-07 -1.700000000000000000e+02 -1.170727200000000062e-05 -1.700000000000000000e+02 7.948968479300000389e-02
-1.690000000000000000e+02 -1.441114999999999974e-03 -1.690000000000000000e+02 1.454180000000000121e-07 -1.690000000000000000e+02 -1.149131200000000075e-05 -1.690000000000000000e+02 7.804351585700000649e-02
-1.680000000000000000e+02 -1.432670000000000037e-03 -1.680000000000000000e+02 8.717399999999999696e-08 -1.680000000000000000e+02 -1.132901300000000001e-05 -1.680000000000000000e+02 7.660582650399999638e-02
-1.670000000000000000e+02 -1.424165000000000023e-03 -1.670000000000000000e+02 6.643000000000000655e-08 -1.670000000000000000e+02 -1.118704100000000028e-05 -1.670000000000000000e+02 7.517665006700000041e-02
-1.660000000000000000e+02 -1.415594999999999961e-03 -1.660000000000000000e+02 8.568600000000000375e-08 -1.660000000000000000e+02 -1.102706300000000031e-05 -1.660000000000000000e+02 7.375602488000000678e-02
-1.650000000000000000e+02 -1.407035000000000056e-03 -1.650000000000000000e+02 1.374409999999999931e-07 -1.650000000000000000e+02 -1.082324700000000022e-05 -1.650000000000000000e+02 7.234397677699999640e-02
-1.640000000000000000e+02 -1.398479999999999905e-03 -1.640000000000000000e+02 1.741970000000000080e-07 -1.640000000000000000e+02 -1.058517400000000044e-05 -1.640000000000000000e+02 7.094049617400000063e-02
-1.630000000000000000e+02 -1.389894999999999933e-03 -1.630000000000000000e+02 1.809529999999999925e-07 -1.630000000000000000e+02 -1.033867900000000070e-05 -1.630000000000000000e+02 6.954555723800000255e-02
-1.620000000000000000e+02 -1.381365000000000067e-03 -1.620000000000000000e+02 1.677090000000000097e-07 -1.620000000000000000e+02 -1.011334499999999998e-05 -1.620000000000000000e+02 6.815913038399999679e-02
-1.610000000000000000e+02 -1.373045000000000038e-03 -1.610000000000000000e+02 8.696499999999999820e-08 -1.610000000000000000e+02 -9.937089000000000024e-06 -1.610000000000000000e+02 6.678118769799999688e-02
-1.600000000000000000e+02 -1.364470000000000006e-03 -1.600000000000000000e+02 1.287200000000000038e-07 -1.600000000000000000e+02 -9.742410000000000799e-06 -1.600000000000000000e+02 6.541179667799999764e-02
-1.590000000000000000e+02 -1.355815000000000015e-03 -1.590000000000000000e+02 1.529760000000000061e-07 -1.590000000000000000e+02 -9.537226000000000224e-06 -1.590000000000000000e+02 6.405094940800000469e-02
-1.580000000000000000e+02 -1.347324999999999912e-03 -1.580000000000000000e+02 7.723199999999999965e-08 -1.580000000000000000e+02 -9.393202000000000601e-06 -1.580000000000000000e+02 6.269857422199999475e-02
-1.570000000000000000e+02 -1.338980000000000031e-03 -1.570000000000000000e+02 -1.101199999999999961e-08 -1.570000000000000000e+02 -9.322421999999999222e-06 -1.570000000000000000e+02 6.135465903500000179e-02
-1.560000000000000000e+02 -1.330484999999999958e-03 -1.560000000000000000e+02 -2.175700000000000087e-08 -1.560000000000000000e+02 -9.262387000000000737e-06 -1.560000000000000000e+02 6.001926634799999855e-02
-1.550000000000000000e+02 -1.321799999999999928e-03 -1.550000000000000000e+02 4.499899999999999815e-08 -1.550000000000000000e+02 -9.164346000000000501e-06 -1.550000000000000000e+02 5.869244491199999969e-02
-1.540000000000000000e+02 -1.313364999999999932e-03 -1.540000000000000000e+02 1.675500000000000015e-08 -1.540000000000000000e+02 -9.087882000000000618e-06 -1.540000000000000000e+02 5.737413514200000175e-02
-1.530000000000000000e+02 -1.304945000000000063e-03 -1.530000000000000000e+02 -6.648899999999999405e-08 -1.530000000000000000e+02 -9.076746999999999241e-06 -1.530000000000000000e+02 5.606429328899999870e-02
-1.520000000000000000e+02 -1.296424999999999921e-03 -1.520000000000000000e+02 -9.723399999999999572e-08 -1.520000000000000000e+02 -9.094688000000000023e-06 -1.520000000000000000e+02 5.476295560200000051e-02
-1.510000000000000000e+02 -1.287815000000000097e-03 -1.510000000000000000e+02 -6.547799999999999909e-08 -1.510000000000000000e+02 -9.070874000000000390e-06 -1.510000000000000000e+02 5.347019291599999780e-02
-1.500000000000000000e+02 -1.279210000000000026e-03 -1.500000000000000000e+02 8.877800000000000259e-08 -1.500000000000000000e+02 -8.908220999999999628e-06 -1.500000000000000000e+02 5.218610231299999902e-02
-1.490000000000000000e+02 -1.270510000000000085e-03 -1.490000000000000000e+02 2.730340000000000082e-07 -1.490000000000000000e+02 -8.584227999999999832e-06 -1.490000000000000000e+02 5.091070629299999928e-02
-1.480000000000000000e+02 -1.261774999999999919e-03 -1.480000000000000000e+02 3.497900000000000107e-07 -1.480000000000000000e+02 -8.196814000000000834e-06 -1.480000000000000000e+02 4.964390693899999735e-02
-1.470000000000000000e+02 -1.253404999999999971e-03 -1.470000000000000000e+02 2.390449999999999809e-07 -1.470000000000000000e+02 -7.886809999999999456e-06 -1.470000000000000000e+02 4.838556341999999955e-02
-1.460000000000000000e+02 -1.245009999999999954e-03 -1.460000000000000000e+02 1.408009999999999914e-07 -1.460000000000000000e+02 -7.636717000000000765e-06 -1.460000000000000000e+02 4.713569323300000058e-02
-1.450000000000000000e+02 -1.236270000000000034e-03 -1.450000000000000000e+02 2.850570000000000094e-07 -1.450000000000000000e+02 -7.270285000000000307e-06 -1.450000000000000000e+02 4.589447263000000221e-02
-1.440000000000000000e+02 -1.227495000000000105e-03 -1.440000000000000000e+02 5.043130000000000240e-07 -1.440000000000000000e+02 -6.726679999999999774e-06 -1.440000000000000000e+02 4.466196244299999729e-02
-1.430000000000000000e+02 -1.218904999999999945e-03 -1.430000000000000000e+02 5.460680000000000164e-07 -1.430000000000000000e+02 -6.130486000000000041e-06 -1.430000000000000000e+02 4.343803808999999877e-02
-1.420000000000000000e+02 -1.210485000000000077e-03 -1.420000000000000000e+02 4.753240000000000018e-07 -1.420000000000000000e+02 -5.546287000000000012e-06 -1.420000000000000000e+02 4.222263498699999756e-02
-1.410000000000000000e+02 -1.201770000000000008e-03 -1.410000000000000000e+02 6.445800000000000187e-07 -1.410000000000000000e+02 -4.856582000000000150e-06 -1.410000000000000000e+02 4.101587063400000122e-02
-1.400000000000000000e+02 -1.193100000000000107e-03 -1.400000000000000000e+02 6.713359999999999705e-07 -1.400000000000000000e+02 -4.131787999999999649e-06 -1.400000000000000000e+02 3.981767461400000097e-02
-1.390000000000000000e+02 -1.184509999999999947e-03 -1.390000000000000000e+02 6.055910000000000393e-07 -1.390000000000000000e+02 -3.484404000000000156e-06 -1.390000000000000000e+02 3.862793442700000052e-02
-1.380000000000000000e+02 -1.176439999999999951e-03 -1.380000000000000000e+02 3.773469999999999974e-07 -1.380000000000000000e+02 -3.025682000000000028e-06 -1.380000000000000000e+02 3.744653882400000161e-02
-1.370000000000000000e+02 -1.168084999999999913e-03 -1.370000000000000000e+02 2.241030000000000050e-07 -1.370000000000000000e+02 -2.696869999999999981e-06 -1.370000000000000000e+02 3.627354655400000238e-02
-1.360000000000000000e+02 -1.159429999999999922e-03 -1.360000000000000000e+02 2.858590000000000188e-07 -1.360000000000000000e+02 -2.348803000000000151e-06 -1.360000000000000000e+02 3.510910678399999790e-02
-1.350000000000000000e+02 -1.150884999999999929e-03 -1.350000000000000000e+02 3.076150000000000185e-07 -1.350000000000000000e+02 -1.966896000000000065e-06 -1.350000000000000000e+02 3.395323409800000275e-02
-1.340000000000000000e+02 -1.142334999999999965e-03 -1.340000000000000000e+02 3.618699999999999971e-07 -1.340000000000000000e+02 -1.560734000000000031e-06 -1.340000000000000000e+02 3.280591891100000101e-02
-1.330000000000000000e+02 -1.133904999999999939e-03 -1.330000000000000000e+02 2.686259999999999862e-07 -1.330000000000000000e+02 -1.238232999999999915e-06 -1.330000000000000000e+02 3.166705330800000107e-02
-1.320000000000000000e+02 -1.125579999999999940e-03 -1.320000000000000000e+02 8.538200000000000315e-08 -1.320000000000000000e+02 -1.047308999999999945e-06 -1.320000000000000000e+02 3.053658937199999965e-02
-1.310000000000000000e+02 -1.117095000000000024e-03 -1.310000000000000000e+02 1.221380000000000048e-07 -1.310000000000000000e+02 -8.271290000000000474e-07 -1.310000000000000000e+02 2.941468793499999942e-02
-1.300000000000000000e+02 -1.108320000000000095e-03 -1.300000000000000000e+02 3.338930000000000107e-07 -1.300000000000000000e+02 -4.235270000000000046e-07 -1.300000000000000000e+02 2.830150316499999846e-02
-1.290000000000000000e+02 -1.099415000000000071e-03 -1.290000000000000000e+02 5.506490000000000493e-07 -1.290000000000000000e+02 1.589139999999999895e-07 -1.290000000000000000e+02 2.719703047899999990e-02
-1.280000000000000000e+02 -1.090945000000000066e-03 -1.280000000000000000e+02 5.449049999999999947e-07 -1.280000000000000000e+02 7.289439999999999660e-07 -1.280000000000000000e+02 2.610107862499999945e-02
-1.270000000000000000e+02 -1.082779999999999984e-03 -1.270000000000000000e+02 2.766610000000000181e-07 -1.270000000000000000e+02 1.104896999999999918e-06 -1.270000000000000000e+02 2.501346593900000137e-02
-1.260000000000000000e+02 -1.074415000000000005e-03 -1.260000000000000000e+02 1.909169999999999883e-07 -1.260000000000000000e+02 1.385522000000000090e-06 -1.260000000000000000e+02 2.393429116900000139e-02
-1.250000000000000000e+02 -1.065760000000000015e-03 -1.250000000000000000e+02 2.301720000000000046e-07 -1.250000000000000000e+02 1.670403000000000006e-06 -1.250000000000000000e+02 2.286365389900000059e-02
-1.240000000000000000e+02 -1.057229999999999932e-03 -1.240000000000000000e+02 1.844279999999999889e-07 -1.240000000000000000e+02 1.918706000000000108e-06 -1.240000000000000000e+02 2.180151329600000035e-02
-1.230000000000000000e+02 -1.048805000000000093e-03 -1.230000000000000000e+02 1.086839999999999957e-07 -1.230000000000000000e+02 2.119597999999999946e-06 -1.230000000000000000e+02 2.074785852600000147e-02
-1.220000000000000000e+02 -1.040200000000000022e-03 -1.220000000000000000e+02 1.729400000000000120e-07 -1.220000000000000000e+02 2.346412999999999823e-06 -1.220000000000000000e+02 1.970276292300000148e-02
-1.210000000000000000e+02 -1.031580000000000040e-03 -1.210000000000000000e+02 1.471949999999999889e-07 -1.210000000000000000e+02 2.547900000000000203e-06 -1.210000000000000000e+02 1.866617523600000092e-02
-1.200000000000000000e+02 -1.023295000000000021e-03 -1.200000000000000000e+02 3.395099999999999743e-08 -1.200000000000000000e+02 2.655310000000000078e-06 -1.200000000000000000e+02 1.763802671599999997e-02
-1.190000000000000000e+02 -1.014810000000000104e-03 -1.190000000000000000e+02 -5.179299999999999930e-08 -1.190000000000000000e+02 2.664058999999999966e-06 -1.190000000000000000e+02 1.661831277999999829e-02
-1.180000000000000000e+02 -1.006355000000000010e-03 -1.180000000000000000e+02 -1.875369999999999938e-07 -1.180000000000000000e+02 2.544980000000000069e-06 -1.180000000000000000e+02 1.560700425999999967e-02
-1.170000000000000000e+02 -9.980250000000000406e-04 -1.170000000000000000e+02 -3.257819999999999985e-07 -1.170000000000000000e+02 2.319324000000000208e-06 -1.170000000000000000e+02 1.460412240700000031e-02
-1.160000000000000000e+02 -9.895100000000000857e-04 -1.160000000000000000e+02 -2.765259999999999974e-07 -1.160000000000000000e+02 2.139589999999999957e-06 -1.160000000000000000e+02 1.360981971999999929e-02
-1.150000000000000000e+02 -9.806850000000000202e-04 -1.150000000000000000e+02 -5.976999999999999853e-08 -1.150000000000000000e+02 2.115779000000000195e-06 -1.150000000000000000e+02 1.262420619999999986e-02
-1.140000000000000000e+02 -9.719800000000000011e-04 -1.140000000000000000e+02 -4.051400000000000134e-08 -1.140000000000000000e+02 2.120390000000000209e-06 -1.140000000000000000e+02 1.164715434699999975e-02
-1.130000000000000000e+02 -9.636850000000000407e-04 -1.130000000000000000e+02 -1.637580000000000030e-07 -1.130000000000000000e+02 1.997173000000000013e-06 -1.130000000000000000e+02 1.067850791099999967e-02
-1.120000000000000000e+02 -9.555650000000000168e-04 -1.120000000000000000e+02 -4.570030000000000060e-07 -1.120000000000000000e+02 1.660295000000000085e-06 -1.120000000000000000e+02 9.718181056999999554e-03
-1.110000000000000000e+02 -9.469300000000000156e-04 -1.110000000000000000e+02 -4.427469999999999874e-07 -1.110000000000000000e+02 1.317256999999999948e-06 -1.110000000000000000e+02 8.766381288000000757e-03
-1.100000000000000000e+02 -9.381500000000000082e-04 -1.100000000000000000e+02 -2.434909999999999931e-07 -1.100000000000000000e+02 1.127641000000000085e-06 -1.100000000000000000e+02 7.823268184000000541e-03
-1.090000000000000000e+02 -9.294950000000000174e-04 -1.090000000000000000e+02 -1.342350000000000105e-07 -1.090000000000000000e+02 1.041447999999999943e-06 -1.090000000000000000e+02 6.888791747999999625e-03
-1.080000000000000000e+02 -9.210750000000000404e-04 -1.080000000000000000e+02 -1.499799999999999970e-07 -1.080000000000000000e+02 9.624269999999999928e-07 -1.080000000000000000e+02 5.962855728000000105e-03
-1.070000000000000000e+02 -9.126450000000000144e-04 -1.070000000000000000e+02 -1.532239999999999961e-07 -1.070000000000000000e+02 8.789109999999999482e-07 -1.070000000000000000e+02 5.045448458000000025e-03
-1.060000000000000000e+02 -9.039949999999999939e-04 -1.060000000000000000e+02 -1.514679999999999902e-07 -1.060000000000000000e+02 8.521520000000000195e-07 -1.060000000000000000e+02 4.136631188000000105e-03
-1.050000000000000000e+02 -8.951799999999999775e-04 -1.050000000000000000e+02 1.852880000000000111e-07 -1.050000000000000000e+02 1.060064999999999904e-06 -1.050000000000000000e+02 3.236581834999999793e-03
-1.040000000000000000e+02 -8.865049999999999970e-04 -1.040000000000000000e+02 2.445430000000000213e-07 -1.040000000000000000e+02 1.357650000000000037e-06 -1.040000000000000000e+02 2.345155397999999954e-03
-1.030000000000000000e+02 -8.779249999999999944e-04 -1.030000000000000000e+02 2.087989999999999892e-07 -1.030000000000000000e+02 1.601574999999999993e-06 -1.030000000000000000e+02 1.462208544999999988e-03
-1.020000000000000000e+02 -8.697099999999999926e-04 -1.020000000000000000e+02 -2.944499999999999996e-08 -1.020000000000000000e+02 1.661837999999999902e-06 -1.020000000000000000e+02 5.876112750000000214e-04
-1.010000000000000000e+02 -8.613800000000000233e-04 -1.010000000000000000e+02 -1.426889999999999882e-07 -1.010000000000000000e+02 1.601773999999999980e-06 -1.010000000000000000e+02 -2.785730780000000178e-04
-1.000000000000000000e+02 -8.527300000000000027e-04 -1.000000000000000000e+02 -1.734329999999999887e-07 -1.000000000000000000e+02 1.492632999999999969e-06 -1.000000000000000000e+02 -1.136273263999999956e-03
-9.900000000000000000e+01 -8.442849999999999574e-04 -9.900000000000000000e+01 -2.316779999999999918e-07 -9.900000000000000000e+01 1.349413999999999910e-06 -9.900000000000000000e+01 -1.985474283999999826e-03
-9.800000000000000000e+01 -8.355049999999999500e-04 -9.800000000000000000e+01 -1.724220000000000070e-07 -9.800000000000000000e+01 1.203784000000000001e-06 -9.800000000000000000e+01 -2.826144470999999905e-03
-9.700000000000000000e+01 -8.272299999999999792e-04 -9.700000000000000000e+01 -3.656660000000000134e-07 -9.700000000000000000e+01 9.519929999999999670e-07 -9.700000000000000000e+01 -3.658387573999999798e-03
-9.600000000000000000e+01 -8.185650000000000478e-04 -9.600000000000000000e+01 -2.889100000000000109e-07 -9.600000000000000000e+01 7.448739999999999769e-07 -9.600000000000000000e+01 -4.482052759999999823e-03
-9.500000000000000000e+01 -8.098349999999999603e-04 -9.500000000000000000e+01 -1.346550000000000103e-07 -9.500000000000000000e+01 6.824279999999999484e-07 -9.500000000000000000e+01 -5.297040030000000135e-03
-9.400000000000000000e+01 -8.008950000000000357e-04 -9.400000000000000000e+01 3.960099999999999839e-08 -9.400000000000000000e+01 7.275709999999999708e-07 -9.400000000000000000e+01 -6.103386467000000010e-03
-9.300000000000000000e+01 -7.927950000000000014e-04 -9.300000000000000000e+01 -1.661430000000000075e-07 -9.300000000000000000e+01 6.565539999999999908e-07 -9.300000000000000000e+01 -6.901315820000000073e-03
-9.200000000000000000e+01 -7.842699999999999975e-04 -9.200000000000000000e+01 -2.143869999999999993e-07 -9.200000000000000000e+01 5.210419999999999616e-07 -9.200000000000000000e+01 -7.690776423000000341e-03
-9.100000000000000000e+01 -7.757099999999999846e-04 -9.100000000000000000e+01 -2.026310000000000097e-07 -9.100000000000000000e+01 4.243690000000000064e-07 -9.100000000000000000e+01 -8.471664942999999545e-03
-9.000000000000000000e+01 -7.668749999999999786e-04 -9.000000000000000000e+01 3.162399999999999916e-08 -9.000000000000000000e+01 4.990350000000000213e-07 -9.000000000000000000e+01 -9.243848880000000642e-03
-8.900000000000000000e+01 -7.582799999999999567e-04 -8.900000000000000000e+01 1.108799999999999976e-07 -8.900000000000000000e+01 6.529570000000000149e-07 -8.900000000000000000e+01 -1.000742031599999998e-02
-8.800000000000000000e+01 -7.498550000000000094e-04 -8.800000000000000000e+01 3.513599999999999778e-08 -8.800000000000000000e+01 7.548849999999999731e-07 -8.800000000000000000e+01 -1.076251050300000046e-02
-8.700000000000000000e+01 -7.414449999999999730e-04 -8.700000000000000000e+01 -5.310800000000000148e-08 -8.700000000000000000e+01 7.914849999999999699e-07 -8.700000000000000000e+01 -1.150913277300000086e-02
-8.600000000000000000e+01 -7.328750000000000195e-04 -8.600000000000000000e+01 -1.635300000000000091e-08 -8.600000000000000000e+01 8.623409999999999527e-07 -8.600000000000000000e+01 -1.224718754300000052e-02
-8.500000000000000000e+01 -7.241700000000000003e-04 -8.500000000000000000e+01 1.304030000000000064e-07 -8.500000000000000000e+01 1.044536000000000057e-06 -8.500000000000000000e+01 -1.297659772900000043e-02
-8.400000000000000000e+01 -7.155450000000000482e-04 -8.400000000000000000e+01 1.746590000000000025e-07 -8.400000000000000000e+01 1.273069999999999951e-06 -8.400000000000000000e+01 -1.369742833199999975e-02
-8.300000000000000000e+01 -7.070149999999999655e-04 -8.300000000000000000e+01 1.289150000000000132e-07 -8.300000000000000000e+01 1.450859999999999904e-06 -8.300000000000000000e+01 -1.440977643500000044e-02
-8.200000000000000000e+01 -6.986549999999999575e-04 -8.200000000000000000e+01 -3.682999999999999958e-08 -8.200000000000000000e+01 1.501238999999999934e-06 -8.200000000000000000e+01 -1.511371870499999930e-02
-8.100000000000000000e+01 -6.903249999999999881e-04 -8.100000000000000000e+01 -9.257400000000000561e-08 -8.100000000000000000e+01 1.519206999999999980e-06 -8.100000000000000000e+01 -1.580916014200000122e-02
-8.000000000000000000e+01 -6.814800000000000415e-04 -8.000000000000000000e+01 1.016819999999999969e-07 -8.000000000000000000e+01 1.669763999999999943e-06 -8.000000000000000000e+01 -1.649593574499999896e-02
-7.900000000000000000e+01 -6.727999999999999823e-04 -7.900000000000000000e+01 1.759379999999999969e-07 -7.900000000000000000e+01 1.885410000000000046e-06 -7.900000000000000000e+01 -1.717411301499999904e-02
-7.800000000000000000e+01 -6.644450000000000529e-04 -7.800000000000000000e+01 7.519400000000000483e-08 -7.800000000000000000e+01 2.017395999999999836e-06 -7.800000000000000000e+01 -1.784384070199999950e-02
-7.700000000000000000e+01 -6.561849999999999931e-04 -7.700000000000000000e+01 -9.805099999999999569e-08 -7.700000000000000000e+01 2.036136999999999831e-06 -7.700000000000000000e+01 -1.850514838799999923e-02
-7.600000000000000000e+01 -6.474150000000000347e-04 -7.600000000000000000e+01 1.620499999999999853e-08 -7.600000000000000000e+01 2.117467000000000203e-06 -7.600000000000000000e+01 -1.915786024099999998e-02
-7.500000000000000000e+01 -6.388049999999999935e-04 -7.500000000000000000e+01 1.079609999999999964e-07 -7.500000000000000000e+01 2.298052999999999832e-06 -7.500000000000000000e+01 -1.980193959399999953e-02
-7.400000000000000000e+01 -6.301549999999999730e-04 -7.400000000000000000e+01 2.222170000000000105e-07 -7.400000000000000000e+01 2.549561999999999917e-06 -7.400000000000000000e+01 -2.043741478099999828e-02
-7.300000000000000000e+01 -6.217549999999999856e-04 -7.300000000000000000e+01 9.897199999999999448e-08 -7.300000000000000000e+01 2.713242999999999833e-06 -7.300000000000000000e+01 -2.106444455100000071e-02
-7.200000000000000000e+01 -6.134149999999999672e-04 -7.200000000000000000e+01 -4.927199999999999942e-08 -7.200000000000000000e+01 2.750346000000000162e-06 -7.200000000000000000e+01 -2.168306765400000030e-02
-7.100000000000000000e+01 -6.050050000000000393e-04 -7.100000000000000000e+01 -9.251600000000000602e-08 -7.100000000000000000e+01 2.736288999999999866e-06 -7.100000000000000000e+01 -2.229320867400000003e-02
-7.000000000000000000e+01 -5.963849999999999490e-04 -7.000000000000000000e+01 -7.826000000000000065e-08 -7.000000000000000000e+01 2.727737000000000121e-06 -7.000000000000000000e+01 -2.289481094400000125e-02
-6.900000000000000000e+01 -5.877900000000000355e-04 -6.900000000000000000e+01 -5.900499999999999797e-08 -6.900000000000000000e+01 2.705524000000000001e-06 -6.900000000000000000e+01 -2.348789362999999936e-02
-6.800000000000000000e+01 -5.795050000000000158e-04 -6.800000000000000000e+01 -2.322490000000000040e-07 -6.800000000000000000e+01 2.545067999999999957e-06 -6.800000000000000000e+01 -2.407258131699999831e-02
-6.700000000000000000e+01 -5.712150000000000257e-04 -6.700000000000000000e+01 -3.879929999999999989e-07 -6.700000000000000000e+01 2.268449999999999855e-06 -6.700000000000000000e+01 -2.464885191999999919e-02
-6.600000000000000000e+01 -5.625650000000000052e-04 -6.600000000000000000e+01 -2.887370000000000000e-07 -6.600000000000000000e+01 2.051921000000000153e-06 -6.600000000000000000e+01 -2.521652918999999979e-02
-6.500000000000000000e+01 -5.538049999999999874e-04 -6.500000000000000000e+01 -1.694810000000000073e-07 -6.500000000000000000e+01 1.944231999999999989e-06 -6.500000000000000000e+01 -2.577556437599999931e-02
-6.400000000000000000e+01 -5.451899999999999758e-04 -6.400000000000000000e+01 -9.272600000000000591e-08 -6.400000000000000000e+01 1.889963999999999969e-06 -6.400000000000000000e+01 -2.632601289599999922e-02
-6.300000000000000000e+01 -5.368350000000000465e-04 -6.300000000000000000e+01 -1.984700000000000031e-07 -6.300000000000000000e+01 1.780369999999999947e-06 -6.300000000000000000e+01 -2.686798350000000127e-02
-6.200000000000000000e+01 -5.283150000000000129e-04 -6.200000000000000000e+01 -1.842140000000000109e-07 -6.200000000000000000e+01 1.696281000000000074e-06 -6.200000000000000000e+01 -2.740139535299999929e-02
-6.100000000000000000e+01 -5.194849999999999772e-04 -6.100000000000000000e+01 1.754199999999999919e-08 -6.100000000000000000e+01 1.784780999999999946e-06 -6.100000000000000000e+01 -2.792610137300000073e-02
-6.000000000000000000e+01 -5.107300000000000381e-04 -6.000000000000000000e+01 2.317969999999999944e-07 -6.000000000000000000e+01 2.061286999999999921e-06 -6.000000000000000000e+01 -2.844208614299999910e-02
-5.900000000000000000e+01 -5.020950000000000369e-04 -5.900000000000000000e+01 3.010529999999999893e-07 -5.900000000000000000e+01 2.406215999999999952e-06 -5.900000000000000000e+01 -2.894946924600000013e-02
-5.800000000000000000e+01 -4.936950000000000496e-04 -5.800000000000000000e+01 2.203089999999999910e-07 -5.800000000000000000e+01 2.701232999999999926e-06 -5.800000000000000000e+01 -2.944836901599999848e-02
-5.700000000000000000e+01 -4.851999999999999759e-04 -5.700000000000000000e+01 1.745650000000000018e-07 -5.700000000000000000e+01 2.970922999999999795e-06 -5.700000000000000000e+01 -2.993876086899999872e-02
-5.600000000000000000e+01 -4.765349999999999903e-04 -5.600000000000000000e+01 2.863199999999999857e-07 -5.600000000000000000e+01 3.335702000000000153e-06 -5.600000000000000000e+01 -3.042052438899999975e-02
-5.500000000000000000e+01 -4.678400000000000202e-04 -5.500000000000000000e+01 4.555760000000000026e-07 -5.500000000000000000e+01 3.857654000000000352e-06 -5.500000000000000000e+01 -3.089359749200000158e-02
-5.400000000000000000e+01 -4.591400000000000255e-04 -5.400000000000000000e+01 6.098320000000000042e-07 -5.400000000000000000e+01 4.507610999999999930e-06 -5.400000000000000000e+01 -3.135800934499999998e-02
-5.300000000000000000e+01 -4.505800000000000126e-04 -5.300000000000000000e+01 5.915879999999999634e-07 -5.300000000000000000e+01 5.143073999999999643e-06 -5.300000000000000000e+01 -3.181390244800000322e-02
-5.200000000000000000e+01 -4.422350000000000239e-04 -5.200000000000000000e+01 4.233439999999999824e-07 -5.200000000000000000e+01 5.635293000000000088e-06 -5.200000000000000000e+01 -3.226140555100000251e-02
-5.100000000000000000e+01 -4.339349999999999848e-04 -5.100000000000000000e+01 2.550989999999999737e-07 -5.100000000000000000e+01 5.989683999999999995e-06 -5.100000000000000000e+01 -3.270051323800000215e-02
-5.000000000000000000e+01 -4.253549999999999822e-04 -5.000000000000000000e+01 2.693549999999999923e-07 -5.000000000000000000e+01 6.327498000000000349e-06 -5.000000000000000000e+01 -3.313110425799999786e-02
-4.900000000000000000e+01 -4.167199999999999811e-04 -4.900000000000000000e+01 2.811109999999999819e-07 -4.900000000000000000e+01 6.666234000000000319e-06 -4.900000000000000000e+01 -3.355316111099999887e-02
-4.800000000000000000e+01 -4.082399999999999809e-04 -4.800000000000000000e+01 2.253670000000000089e-07 -4.800000000000000000e+01 6.958391999999999937e-06 -4.800000000000000000e+01 -3.396673129799999968e-02
-4.700000000000000000e+01 -3.998800000000000271e-04 -4.700000000000000000e+01 1.571219999999999957e-07 -4.700000000000000000e+01 7.215223000000000392e-06 -4.700000000000000000e+01 -3.437180356800000058e-02
-4.600000000000000000e+01 -3.912400000000000014e-04 -4.600000000000000000e+01 2.738780000000000123e-07 -4.600000000000000000e+01 7.541726999999999833e-06 -4.600000000000000000e+01 -3.476827292100000133e-02
-4.500000000000000000e+01 -3.825149999999999926e-04 -4.500000000000000000e+01 2.931339999999999830e-07 -4.500000000000000000e+01 7.878319000000000760e-06 -4.500000000000000000e+01 -3.515619894099999976e-02
-4.400000000000000000e+01 -3.741799999999999987e-04 -4.400000000000000000e+01 1.598900000000000110e-07 -4.400000000000000000e+01 8.095001000000000662e-06 -4.400000000000000000e+01 -3.553571162699999814e-02
-4.300000000000000000e+01 -3.659949999999999814e-04 -4.300000000000000000e+01 -4.585400000000000151e-08 -4.300000000000000000e+01 8.158438000000000305e-06 -4.300000000000000000e+01 -3.590684431399999987e-02
-4.200000000000000000e+01 -3.574000000000000137e-04 -4.200000000000000000e+01 -9.098999999999999288e-09 -4.200000000000000000e+01 8.224047999999999157e-06 -4.200000000000000000e+01 -3.626944158400000062e-02
-4.100000000000000000e+01 -3.486599999999999856e-04 -4.100000000000000000e+01 6.265700000000000314e-08 -4.100000000000000000e+01 8.345163999999999168e-06 -4.100000000000000000e+01 -3.662345010299999926e-02
-4.000000000000000000e+01 -3.401799999999999854e-04 -4.000000000000000000e+01 7.191300000000000344e-08 -4.000000000000000000e+01 8.465952000000000289e-06 -4.000000000000000000e+01 -3.696892570699999991e-02
-3.900000000000000000e+01 -3.317600000000000085e-04 -3.900000000000000000e+01 -3.883099999999999877e-08 -3.900000000000000000e+01 8.503495999999999874e-06 -3.900000000000000000e+01 -3.730595131000000175e-02
-3.800000000000000000e+01 -3.233299999999999824e-04 -3.800000000000000000e+01 -1.045759999999999962e-07 -3.800000000000000000e+01 8.464045000000000376e-06 -3.800000000000000000e+01 -3.763452066299999982e-02
-3.700000000000000000e+01 -3.148399999999999875e-04 -3.700000000000000000e+01 -1.928200000000000021e-07 -3.700000000000000000e+01 8.348850999999999934e-06 -3.700000000000000000e+01 -3.795463251600000171e-02
-3.600000000000000000e+01 -3.064499999999999950e-04 -3.600000000000000000e+01 -2.285640000000000077e-07 -3.600000000000000000e+01 8.231244999999999827e-06 -3.600000000000000000e+01 -3.826621353600000164e-02
-3.500000000000000000e+01 -2.977899999999999796e-04 -3.500000000000000000e+01 -1.180800000000000058e-08 -3.500000000000000000e+01 8.288729000000000105e-06 -3.500000000000000000e+01 -3.856908622300000283e-02
-3.400000000000000000e+01 -2.889349999999999839e-04 -3.400000000000000000e+01 2.074469999999999914e-07 -3.400000000000000000e+01 8.532550999999999547e-06 -3.400000000000000000e+01 -3.886323932599999864e-02
-3.300000000000000000e+01 -2.803600000000000059e-04 -3.300000000000000000e+01 2.317029999999999937e-07 -3.300000000000000000e+01 8.800630000000000475e-06 -3.300000000000000000e+01 -3.914883492900000234e-02
-3.200000000000000000e+01 -2.722299999999999872e-04 -3.200000000000000000e+01 6.095899999999999681e-08 -3.200000000000000000e+01 8.971297999999999499e-06 -3.200000000000000000e+01 -3.942599469900000264e-02
-3.100000000000000000e+01 -2.635450000000000119e-04 -3.100000000000000000e+01 1.352150000000000100e-07 -3.100000000000000000e+01 9.179554000000000169e-06 -3.100000000000000000e+01 -3.969458363500000253e-02
-3.000000000000000000e+01 -2.547699999999999748e-04 -3.000000000000000000e+01 2.344710000000000089e-07 -3.000000000000000000e+01 9.454983000000000273e-06 -3.000000000000000000e+01 -3.995457215499999964e-02
-2.900000000000000000e+01 -2.463200000000000133e-04 -2.900000000000000000e+01 1.662259999999999957e-07 -2.900000000000000000e+01 9.663001999999999272e-06 -2.900000000000000000e+01 -4.020609484200000222e-02
-2.800000000000000000e+01 -2.380999999999999870e-04 -2.800000000000000000e+01 -6.451799999999999579e-08 -2.800000000000000000e+01 9.697358999999999187e-06 -2.800000000000000000e+01 -4.044925794499999727e-02
-2.700000000000000000e+01 -2.295200000000000116e-04 -2.700000000000000000e+01 -1.152620000000000034e-07 -2.700000000000000000e+01 9.646672000000000395e-06 -2.700000000000000000e+01 -4.068397284800000235e-02
-2.600000000000000000e+01 -2.210950000000000101e-04 -2.600000000000000000e+01 -1.918049999999999894e-07 -2.600000000000000000e+01 9.548572999999999829e-06 -2.600000000000000000e+01 -4.091020191900000130e-02
-2.500000000000000000e+01 -2.124349999999999947e-04 -2.500000000000000000e+01 -1.193640000000000093e-07 -2.500000000000000000e+01 9.487096000000000079e-06 -2.500000000000000000e+01 -4.112786112399999944e-02
-2.400000000000000000e+01 -2.039300000000000075e-04 -2.400000000000000000e+01 -1.128580000000000038e-07 -2.400000000000000000e+01 9.451835000000000621e-06 -2.400000000000000000e+01 -4.133696086900000288e-02
-2.300000000000000000e+01 -1.952550000000000000e-04 -2.300000000000000000e+01 -5.402199999999999894e-08 -2.300000000000000000e+01 9.448956999999999528e-06 -2.300000000000000000e+01 -4.153749498599999812e-02
-2.200000000000000000e+01 -1.868250000000000010e-04 -2.200000000000000000e+01 -1.015739999999999936e-07 -2.200000000000000000e+01 9.431744999999999598e-06 -2.200000000000000000e+01 -4.172951019300000230e-02
-2.100000000000000000e+01 -1.782499999999999959e-04 -2.100000000000000000e+01 -5.620899999999999729e-08 -2.100000000000000000e+01 9.451181999999999324e-06 -2.100000000000000000e+01 -4.191295550799999797e-02
-2.000000000000000000e+01 -1.695800000000000128e-04 -2.000000000000000000e+01 2.977699999999999923e-08 -2.000000000000000000e+01 9.535840999999999897e-06 -2.000000000000000000e+01 -4.208780235500000216e-02
-1.900000000000000000e+01 -1.610100000000000051e-04 -1.900000000000000000e+01 3.180499999999999925e-08 -1.900000000000000000e+01 9.619193999999999572e-06 -1.900000000000000000e+01 -4.225411726400000317e-02
-1.800000000000000000e+01 -1.526149999999999881e-04 -1.800000000000000000e+01 -7.013099999999999450e-08 -1.800000000000000000e+01 9.629393999999999915e-06 -1.800000000000000000e+01 -4.241197208200000318e-02
-1.700000000000000000e+01 -1.441299999999999905e-04 -1.700000000000000000e+01 -1.033299999999999995e-07 -1.700000000000000000e+01 9.607420999999999642e-06 -1.700000000000000000e+01 -4.256132582899999767e-02
-1.600000000000000000e+01 -1.355949999999999918e-04 -1.600000000000000000e+01 -6.163799999999999911e-08 -1.600000000000000000e+01 9.626248000000000741e-06 -1.600000000000000000e+01 -4.270210553199999676e-02
-1.500000000000000000e+01 -1.268200000000000089e-04 -1.500000000000000000e+01 4.959099999999999719e-08 -1.500000000000000000e+01 9.719919000000000204e-06 -1.500000000000000000e+01 -4.283427714699999944e-02
-1.400000000000000000e+01 -1.184449999999999951e-04 -1.400000000000000000e+01 1.204600000000000080e-08 -1.400000000000000000e+01 9.811286999999999835e-06 -1.400000000000000000e+01 -4.295791781999999670e-02
-1.300000000000000000e+01 -1.098249999999999997e-04 -1.300000000000000000e+01 3.718100000000000054e-08 -1.300000000000000000e+01 9.904951999999999556e-06 -1.300000000000000000e+01 -4.307302295200000214e-02
-1.200000000000000000e+01 -1.013650889999999995e-04 -1.200000000000000000e+01 -1.203199999999999981e-08 -1.200000000000000000e+01 9.967283000000000433e-06 -1.200000000000000000e+01 -4.317962617400000064e-02
-1.100000000000000000e+01 -9.286901599999999846e-05 -1.100000000000000000e+01 -2.831900000000000033e-08 -1.100000000000000000e+01 9.994461999999999991e-06 -1.100000000000000000e+01 -4.327773130399999862e-02
-1.000000000000000000e+01 -8.443346900000000589e-05 -1.000000000000000000e+01 -1.248690000000000046e-07 -1.000000000000000000e+01 9.963149000000000245e-06 -1.000000000000000000e+01 -4.336736168099999955e-02
-9.000000000000000000e+00 -7.583651499999999909e-05 -9.000000000000000000e+00 -7.332999999999999555e-08 -9.000000000000000000e+00 9.934008999999999708e-06 -9.000000000000000000e+00 -4.344845664099999949e-02
-8.000000000000000000e+00 -6.736011699999999887e-05 -8.000000000000000000e+00 -1.699050000000000116e-07 -8.000000000000000000e+00 9.828707000000000424e-06 -8.000000000000000000e+00 -4.352109451999999767e-02
-7.000000000000000000e+00 -5.902304700000000247e-05 -7.000000000000000000e+00 -2.921179999999999957e-07 -7.000000000000000000e+00 9.627110000000000395e-06 -7.000000000000000000e+00 -4.358529544800000127e-02
-6.000000000000000000e+00 -5.059178299999999917e-05 -6.000000000000000000e+00 -2.844570000000000172e-07 -6.000000000000000000e+00 9.446946999999999525e-06 -6.000000000000000000e+00 -4.364094169899999931e-02
-5.000000000000000000e+00 -4.180723499999999750e-05 -5.000000000000000000e+00 -6.428200000000000611e-08 -5.000000000000000000e+00 9.444331999999999551e-06 -5.000000000000000000e+00 -4.368787715700000324e-02
-4.000000000000000000e+00 -3.298101799999999736e-05 -4.000000000000000000e+00 1.126450000000000005e-07 -4.000000000000000000e+00 9.582096000000000016e-06 -4.000000000000000000e+00 -4.372613899200000070e-02
-3.000000000000000000e+00 -2.459943800000000095e-05 -3.000000000000000000e+00 2.703500000000000022e-08 -3.000000000000000000e+00 9.663357000000000389e-06 -3.000000000000000000e+00 -4.375592408600000038e-02
-2.000000000000000000e+00 -1.637786600000000153e-05 -2.000000000000000000e+00 -1.464699999999999874e-07 -2.000000000000000000e+00 9.614208000000000430e-06 -2.000000000000000000e+00 -4.377730634500000273e-02
-1.000000000000000000e+00 -7.865156999999999547e-06 -1.000000000000000000e+00 -1.493019999999999958e-07 -1.000000000000000000e+00 9.528919999999999223e-06 -1.000000000000000000e+00 -4.379019149900000019e-02
0.000000000000000000e+00 6.965479999999999716e-07 0.000000000000000000e+00 -1.812970000000000120e-07 0.000000000000000000e+00 9.392854999999999705e-06 0.000000000000000000e+00 -4.379459418599999931e-02
1.000000000000000000e+00 8.932674000000000595e-06 1.000000000000000000e+00 -3.551520000000000028e-07 1.000000000000000000e+00 9.090104999999999935e-06 1.000000000000000000e+00 -4.379063031500000230e-02
2.000000000000000000e+00 1.710456300000000099e-05 2.000000000000000000e+00 -6.278479999999999983e-07 2.000000000000000000e+00 8.583011000000000755e-06 2.000000000000000000e+00 -4.377833754299999963e-02
3.000000000000000000e+00 2.559009699999999929e-05 3.000000000000000000e+00 -5.892759999999999888e-07 3.000000000000000000e+00 8.103583999999999356e-06 3.000000000000000000e+00 -4.375748385900000287e-02
4.000000000000000000e+00 3.463674799999999786e-05 4.000000000000000000e+00 -3.048610000000000192e-07 4.000000000000000000e+00 7.833461000000000452e-06 4.000000000000000000e+00 -4.372788762700000054e-02
5.000000000000000000e+00 4.317275200000000315e-05 5.000000000000000000e+00 -2.252660000000000003e-07 5.000000000000000000e+00 7.652167000000000761e-06 5.000000000000000000e+00 -4.368966932099999784e-02
6.000000000000000000e+00 5.154048499999999786e-05 6.000000000000000000e+00 -2.950879999999999753e-07 6.000000000000000000e+00 7.431131999999999920e-06 6.000000000000000000e+00 -4.364295751399999840e-02
7.000000000000000000e+00 6.015305300000000325e-05 7.000000000000000000e+00 -3.338470000000000115e-07 7.000000000000000000e+00 7.172425000000000197e-06 7.000000000000000000e+00 -4.358775013300000140e-02
8.000000000000000000e+00 6.874725300000000306e-05 8.000000000000000000e+00 -3.350139999999999848e-07 8.000000000000000000e+00 6.915451999999999633e-06 8.000000000000000000e+00 -4.352400777399999948e-02
9.000000000000000000e+00 7.725941600000000480e-05 9.000000000000000000e+00 -2.811910000000000196e-07 9.000000000000000000e+00 6.723536999999999625e-06 9.000000000000000000e+00 -4.345166711400000326e-02
1.000000000000000000e+01 8.605177800000000151e-05 1.000000000000000000e+01 -1.049650000000000006e-07 1.000000000000000000e+01 6.658317000000000104e-06 1.000000000000000000e+01 -4.337066651299999881e-02
1.100000000000000000e+01 9.467517299999999724e-05 1.100000000000000000e+01 -1.035180000000000009e-07 1.100000000000000000e+01 6.601078000000000024e-06 1.100000000000000000e+01 -4.328112468800000140e-02
1.200000000000000000e+01 1.031349999999999943e-04 1.200000000000000000e+01 -2.376519999999999896e-07 1.200000000000000000e+01 6.417218999999999621e-06 1.200000000000000000e+01 -4.318317623799999838e-02
1.300000000000000000e+01 1.112749999999999942e-04 1.300000000000000000e+01 -4.622790000000000064e-07 1.300000000000000000e+01 6.085669999999999621e-06 1.300000000000000000e+01 -4.307684223399999707e-02
1.400000000000000000e+01 1.201000000000000055e-04 1.400000000000000000e+01 -3.157759999999999816e-07 1.400000000000000000e+01 5.835478000000000103e-06 1.400000000000000000e+01 -4.296189362899999892e-02
1.500000000000000000e+01 1.287700000000000021e-04 1.500000000000000000e+01 -1.890200000000000078e-07 1.500000000000000000e+01 5.704500999999999578e-06 1.500000000000000000e+01 -4.283829256499999821e-02
1.600000000000000000e+01 1.374500000000000071e-04 1.600000000000000000e+01 -1.272639999999999940e-07 1.600000000000000000e+01 5.619444999999999693e-06 1.600000000000000000e+01 -4.270611233499999743e-02
1.700000000000000000e+01 1.457750000000000061e-04 1.700000000000000000e+01 -2.255080000000000100e-07 1.700000000000000000e+01 5.482811999999999743e-06 1.700000000000000000e+01 -4.256545043800000205e-02
1.800000000000000000e+01 1.543349999999999919e-04 1.800000000000000000e+01 -2.037520000000000103e-07 1.800000000000000000e+01 5.343351999999999896e-06 1.800000000000000000e+01 -4.241625812500000176e-02
1.900000000000000000e+01 1.629450000000000061e-04 1.900000000000000000e+01 -2.094970000000000131e-07 1.900000000000000000e+01 5.200647000000000048e-06 1.900000000000000000e+01 -4.225853581200000181e-02
2.000000000000000000e+01 1.714750000000000074e-04 2.000000000000000000e+01 -2.277410000000000009e-07 2.000000000000000000e+01 5.021363999999999752e-06 2.000000000000000000e+01 -4.209231683100000260e-02
2.100000000000000000e+01 1.798100000000000013e-04 2.100000000000000000e+01 -3.684850000000000071e-07 2.100000000000000000e+01 4.721754999999999654e-06 2.100000000000000000e+01 -4.191768493499999776e-02
2.200000000000000000e+01 1.881899999999999990e-04 2.200000000000000000e+01 -5.092289999999999868e-07 2.200000000000000000e+01 4.314317000000000184e-06 2.200000000000000000e+01 -4.173462762099999779e-02
2.300000000000000000e+01 1.968449999999999898e-04 2.300000000000000000e+01 -4.524739999999999792e-07 2.300000000000000000e+01 3.947802000000000188e-06 2.300000000000000000e+01 -4.154299614100000204e-02
2.400000000000000000e+01 2.055950000000000128e-04 2.400000000000000000e+01 -2.932180000000000254e-07 2.400000000000000000e+01 3.700125999999999817e-06 2.400000000000000000e+01 -4.134271257799999877e-02
2.500000000000000000e+01 2.141099999999999948e-04 2.500000000000000000e+01 -2.739620000000000017e-07 2.500000000000000000e+01 3.491706000000000125e-06 2.500000000000000000e+01 -4.113385651399999871e-02
2.600000000000000000e+01 2.227099999999999870e-04 2.600000000000000000e+01 -2.747059999999999983e-07 2.600000000000000000e+01 3.272957999999999945e-06 2.600000000000000000e+01 -4.091647753399999671e-02
2.700000000000000000e+01 2.311050000000000040e-04 2.700000000000000000e+01 -3.529499999999999940e-07 2.700000000000000000e+01 3.003882999999999900e-06 2.700000000000000000e+01 -4.069061563700000078e-02
2.800000000000000000e+01 2.396400000000000028e-04 2.800000000000000000e+01 -3.411949999999999791e-07 2.800000000000000000e+01 2.754479999999999926e-06 2.800000000000000000e+01 -4.045620082399999790e-02
2.900000000000000000e+01 2.482900000000000233e-04 2.900000000000000000e+01 -1.919390000000000090e-07 2.900000000000000000e+01 2.620583000000000114e-06 2.900000000000000000e+01 -4.021313725999999672e-02
3.000000000000000000e+01 2.570049999999999830e-04 3.000000000000000000e+01 -1.076829999999999988e-07 3.000000000000000000e+01 2.536358999999999902e-06 3.000000000000000000e+01 -3.996149077999999744e-02
3.100000000000000000e+01 2.652449999999999990e-04 3.100000000000000000e+01 -2.959270000000000002e-07 3.100000000000000000e+01 2.288889999999999951e-06 3.100000000000000000e+01 -3.970147429999999755e-02
3.200000000000000000e+01 2.733799999999999880e-04 3.200000000000000000e+01 -6.066720000000000209e-07 3.200000000000000000e+01 1.781926999999999939e-06 3.200000000000000000e+01 -3.943318407000000192e-02
3.300000000000000000e+01 2.817350000000000258e-04 3.300000000000000000e+01 -7.324159999999999854e-07 3.300000000000000000e+01 1.180052999999999906e-06 3.300000000000000000e+01 -3.915645550599999858e-02
3.400000000000000000e+01 2.906599999999999852e-04 3.400000000000000000e+01 -4.881599999999999984e-07 3.400000000000000000e+01 7.341010000000000167e-07 3.400000000000000000e+01 -3.887103777599999754e-02
3.500000000000000000e+01 2.992700000000000264e-04 3.500000000000000000e+01 -4.039040000000000147e-07 3.500000000000000000e+01 3.994890000000000113e-07 3.500000000000000000e+01 -3.857697546299999891e-02
3.600000000000000000e+01 3.078900000000000083e-04 3.600000000000000000e+01 -3.171489999999999767e-07 3.600000000000000000e+01 1.291319999999999946e-07 3.600000000000000000e+01 -3.827431564900000277e-02
3.700000000000000000e+01 3.163199999999999801e-04 3.700000000000000000e+01 -3.628930000000000189e-07 3.700000000000000000e+01 -1.569690000000000075e-07 3.700000000000000000e+01 -3.796313833599999910e-02
3.800000000000000000e+01 3.248349999999999892e-04 3.800000000000000000e+01 -3.611369999999999865e-07 3.800000000000000000e+01 -4.600640000000000094e-07 3.800000000000000000e+01 -3.764344477199999678e-02
3.900000000000000000e+01 3.332049999999999921e-04 3.900000000000000000e+01 -4.243810000000000200e-07 3.900000000000000000e+01 -7.851529999999999897e-07 3.900000000000000000e+01 -3.731523995899999752e-02
4.000000000000000000e+01 3.418350000000000229e-04 4.000000000000000000e+01 -3.051250000000000009e-07 4.000000000000000000e+01 -1.022653999999999967e-06 4.000000000000000000e+01 -3.697841431200000334e-02
4.100000000000000000e+01 3.504849999999999893e-04 4.100000000000000000e+01 -1.933699999999999905e-07 4.100000000000000000e+01 -1.170480999999999958e-06 4.100000000000000000e+01 -3.663296574899999741e-02
4.200000000000000000e+01 3.591700000000000188e-04 4.200000000000000000e+01 -2.216139999999999885e-07 4.200000000000000000e+01 -1.361552999999999989e-06 4.200000000000000000e+01 -3.627902718499999984e-02
4.300000000000000000e+01 3.672850000000000181e-04 4.300000000000000000e+01 -4.798579999999999549e-07 4.300000000000000000e+01 -1.735869999999999992e-06 4.300000000000000000e+01 -3.591673862199999678e-02
4.400000000000000000e+01 3.757950000000000027e-04 4.400000000000000000e+01 -5.181020000000000160e-07 4.400000000000000000e+01 -2.161764000000000060e-06 4.400000000000000000e+01 -3.554596839199999914e-02
4.500000000000000000e+01 3.845000000000000219e-04 4.500000000000000000e+01 -4.163470000000000157e-07 4.500000000000000000e+01 -2.490484999999999924e-06 4.500000000000000000e+01 -3.516656774500000193e-02
4.600000000000000000e+01 3.934000000000000214e-04 4.600000000000000000e+01 -2.020910000000000062e-07 4.600000000000000000e+01 -2.661200999999999849e-06 4.600000000000000000e+01 -3.477847584799999975e-02
4.700000000000000000e+01 4.018049999999999790e-04 4.700000000000000000e+01 -2.128350000000000129e-07 4.700000000000000000e+01 -2.787244000000000126e-06 4.700000000000000000e+01 -3.438180603499999682e-02
4.800000000000000000e+01 4.105099999999999982e-04 4.800000000000000000e+01 -1.160790000000000033e-07 4.800000000000000000e+01 -2.834447999999999971e-06 4.800000000000000000e+01 -3.397652413800000132e-02
4.900000000000000000e+01 4.191449999999999993e-04 4.900000000000000000e+01 -1.932400000000000151e-08 4.900000000000000000e+01 -2.795312999999999879e-06 4.900000000000000000e+01 -3.356262265800000200e-02
5.000000000000000000e+01 4.277649999999999812e-04 5.000000000000000000e+01 1.493200000000000096e-08 5.000000000000000000e+01 -2.743589000000000203e-06 5.000000000000000000e+01 -3.314017534400000298e-02
5.100000000000000000e+01 4.360750000000000151e-04 5.100000000000000000e+01 -1.433120000000000064e-07 5.100000000000000000e+01 -2.802191999999999818e-06 5.100000000000000000e+01 -3.270930511399999796e-02
5.200000000000000000e+01 4.445699999999999804e-04 5.200000000000000000e+01 -2.065559999999999869e-07 5.200000000000000000e+01 -2.930289999999999857e-06 5.200000000000000000e+01 -3.226997113400000006e-02
5.300000000000000000e+01 4.531049999999999791e-04 5.300000000000000000e+01 -2.122999999999999886e-07 5.300000000000000000e+01 -3.073715000000000098e-06 5.300000000000000000e+01 -3.182211923699999889e-02
5.400000000000000000e+01 4.617000000000000010e-04 5.400000000000000000e+01 -2.180449999999999914e-07 5.400000000000000000e+01 -3.224133999999999851e-06 5.400000000000000000e+01 -3.136574109000000304e-02
5.500000000000000000e+01 4.701500000000000167e-04 5.500000000000000000e+01 -2.312890000000000007e-07 5.500000000000000000e+01 -3.365715000000000013e-06 5.500000000000000000e+01 -3.090082086000000075e-02
5.600000000000000000e+01 4.788549999999999816e-04 5.600000000000000000e+01 -1.195329999999999891e-07 5.600000000000000000e+01 -3.442622999999999870e-06 5.600000000000000000e+01 -3.042730271299999914e-02
5.700000000000000000e+01 4.873699999999999907e-04 5.700000000000000000e+01 -1.652770000000000049e-07 5.700000000000000000e+01 -3.538608000000000104e-06 5.700000000000000000e+01 -2.994527040000000140e-02
5.800000000000000000e+01 4.958999999999999650e-04 5.800000000000000000e+01 -2.085219999999999927e-07 5.800000000000000000e+01 -3.698671000000000099e-06 5.800000000000000000e+01 -2.945476891999999902e-02
5.900000000000000000e+01 5.040749999999999875e-04 5.900000000000000000e+01 -3.742660000000000242e-07 5.900000000000000000e+01 -3.953645000000000328e-06 5.900000000000000000e+01 -2.895582910599999935e-02
6.000000000000000000e+01 5.128949999999999742e-04 6.000000000000000000e+01 -2.375099999999999874e-07 6.000000000000000000e+01 -4.139780000000000029e-06 6.000000000000000000e+01 -2.844828720999999921e-02
6.100000000000000000e+01 5.215200000000000348e-04 6.100000000000000000e+01 -2.057540000000000040e-07 6.100000000000000000e+01 -4.286659000000000321e-06 6.100000000000000000e+01 -2.793217281299999882e-02
6.200000000000000000e+01 5.300399999999999600e-04 6.200000000000000000e+01 -2.339990000000000031e-07 6.200000000000000000e+01 -4.469699000000000351e-06 6.200000000000000000e+01 -2.740756133299999953e-02
6.300000000000000000e+01 5.383249999999999797e-04 6.300000000000000000e+01 -3.697430000000000042e-07 6.300000000000000000e+01 -4.742650000000000239e-06 6.300000000000000000e+01 -2.687450651899999862e-02
6.400000000000000000e+01 5.468800000000000223e-04 6.400000000000000000e+01 -3.379869999999999943e-07 6.400000000000000000e+01 -4.995927999999999815e-06 6.400000000000000000e+01 -2.633289878900000117e-02
6.500000000000000000e+01 5.556100000000000014e-04 6.500000000000000000e+01 -2.112309999999999940e-07 6.500000000000000000e+01 -5.165784000000000142e-06 6.500000000000000000e+01 -2.578267439200000039e-02
6.600000000000000000e+01 5.640250000000000081e-04 6.600000000000000000e+01 -2.494750000000000022e-07 6.600000000000000000e+01 -5.325133999999999726e-06 6.600000000000000000e+01 -2.522390624500000025e-02
6.700000000000000000e+01 5.725850000000000210e-04 6.700000000000000000e+01 -1.602199999999999881e-07 6.700000000000000000e+01 -5.423979000000000132e-06 6.700000000000000000e+01 -2.465654434900000150e-02
6.800000000000000000e+01 5.811650000000000236e-04 6.800000000000000000e+01 -1.159640000000000053e-07 6.800000000000000000e+01 -5.472316999999999939e-06 6.800000000000000000e+01 -2.408059870200000147e-02
6.900000000000000000e+01 5.897349999999999771e-04 6.900000000000000000e+01 -7.920800000000000358e-08 6.900000000000000000e+01 -5.479733999999999906e-06 6.900000000000000000e+01 -2.349607888800000002e-02
7.000000000000000000e+01 5.983499999999999886e-04 7.000000000000000000e+01 -2.495200000000000069e-08 7.000000000000000000e+01 -5.447060999999999888e-06 7.000000000000000000e+01 -2.290298574200000034e-02
7.100000000000000000e+01 6.068350000000000133e-04 7.100000000000000000e+01 -3.819700000000000117e-08 7.100000000000000000e+01 -5.410132000000000127e-06 7.100000000000000000e+01 -2.230135509499999932e-02
7.200000000000000000e+01 6.154199999999999861e-04 7.200000000000000000e+01 -1.394100000000000056e-08 7.200000000000000000e+01 -5.362280999999999999e-06 7.200000000000000000e+01 -2.169118028099999845e-02
7.300000000000000000e+01 6.239750000000000288e-04 7.300000000000000000e+01 -3.218500000000000001e-08 7.300000000000000000e+01 -5.346007000000000127e-06 7.300000000000000000e+01 -2.107250380099999834e-02
7.400000000000000000e+01 6.323550000000000264e-04 7.400000000000000000e+01 -1.729289999999999995e-07 7.400000000000000000e+01 -5.409644999999999601e-06 7.400000000000000000e+01 -2.044537398800000058e-02
7.500000000000000000e+01 6.409649999999999593e-04 7.500000000000000000e+01 -7.117299999999999814e-08 7.500000000000000000e+01 -5.418609999999999947e-06 7.500000000000000000e+01 -1.980965625800000171e-02
7.600000000000000000e+01 6.495850000000000495e-04 7.600000000000000000e+01 -9.418000000000000358e-09 7.600000000000000000e+01 -5.368736000000000092e-06 7.600000000000000000e+01 -1.916534644399999973e-02
7.700000000000000000e+01 6.582100000000000017e-04 7.700000000000000000e+01 -5.162000000000000166e-09 7.700000000000000000e+01 -5.321689000000000134e-06 7.700000000000000000e+01 -1.851250621399999977e-02
7.800000000000000000e+01 6.665249999999999517e-04 7.800000000000000000e+01 -1.009060000000000037e-07 7.800000000000000000e+01 -5.327469999999999833e-06 7.800000000000000000e+01 -1.785118556700000109e-02
7.900000000000000000e+01 6.751349999999999929e-04 7.900000000000000000e+01 -3.915000000000000315e-08 7.900000000000000000e+01 -5.292744999999999924e-06 7.900000000000000000e+01 -1.718129117000000150e-02
8.000000000000000000e+01 6.838200000000000224e-04 8.000000000000000000e+01 5.260500000000000022e-08 8.000000000000000000e+01 -5.180014000000000343e-06 8.000000000000000000e+01 -1.650278552399999862e-02
8.100000000000000000e+01 6.924000000000000250e-04 8.100000000000000000e+01 9.186100000000000445e-08 8.100000000000000000e+01 -5.055528000000000058e-06 8.100000000000000000e+01 -1.581573487699999836e-02
8.200000000000000000e+01 7.007299999999999944e-04 8.200000000000000000e+01 -8.638300000000000000e-08 8.200000000000000000e+01 -5.050118999999999615e-06 8.200000000000000000e+01 -1.512027006299999921e-02
8.300000000000000000e+01 7.091550000000000501e-04 8.300000000000000000e+01 -1.271269999999999974e-07 8.300000000000000000e+01 -5.107120999999999718e-06 8.300000000000000000e+01 -1.441633441699999990e-02
8.400000000000000000e+01 7.177200000000000333e-04 8.400000000000000000e+01 -1.603720000000000016e-07 8.400000000000000000e+01 -5.170700999999999709e-06 8.400000000000000000e+01 -1.370387210299999978e-02
8.500000000000000000e+01 7.265250000000000007e-04 8.500000000000000000e+01 -2.611600000000000039e-08 8.500000000000000000e+01 -5.150441999999999739e-06 8.500000000000000000e+01 -1.298279270599999972e-02
8.600000000000000000e+01 7.349799999999999866e-04 8.600000000000000000e+01 -2.686000000000000030e-08 8.600000000000000000e+01 -5.124259999999999961e-06 8.600000000000000000e+01 -1.225317414299999935e-02
8.700000000000000000e+01 7.433999999999999636e-04 8.700000000000000000e+01 -1.226040000000000039e-07 8.700000000000000000e+01 -5.187572000000000178e-06 8.700000000000000000e+01 -1.151511182900000034e-02
8.800000000000000000e+01 7.517300000000000414e-04 8.800000000000000000e+01 -2.758480000000000227e-07 8.800000000000000000e+01 -5.353294999999999709e-06 8.800000000000000000e+01 -1.076861868299999921e-02
8.900000000000000000e+01 7.603900000000000025e-04 8.900000000000000000e+01 -1.815930000000000035e-07 8.900000000000000000e+01 -5.462262999999999815e-06 8.900000000000000000e+01 -1.001353553600000008e-02
9.000000000000000000e+01 7.690900000000000514e-04 9.000000000000000000e+01 -6.483700000000000017e-08 9.000000000000000000e+01 -5.452391000000000056e-06 9.000000000000000000e+01 -9.249800306000000374e-03
9.100000000000000000e+01 7.777800000000000512e-04 9.100000000000000000e+01 8.691899999999999898e-08 9.100000000000000000e+01 -5.349097000000000296e-06 9.100000000000000000e+01 -8.477438408999999134e-03
9.200000000000000000e+01 7.861749999999999598e-04 9.200000000000000000e+01 -7.632500000000000351e-08 9.200000000000000000e+01 -5.331963999999999794e-06 9.200000000000000000e+01 -7.696629429000000425e-03
9.300000000000000000e+01 7.946599999999999844e-04 9.300000000000000000e+01 -9.207000000000000321e-08 9.300000000000000000e+01 -5.350158000000000149e-06 9.300000000000000000e+01 -6.907322532000000070e-03
9.400000000000000000e+01 8.031800000000000181e-04 9.400000000000000000e+01 -7.781399999999999785e-08 9.400000000000000000e+01 -5.348679999999999585e-06 9.400000000000000000e+01 -6.109462718999999695e-03
9.500000000000000000e+01 8.118700000000000179e-04 9.500000000000000000e+01 -1.058000000000000069e-09 9.500000000000000000e+01 -5.314195999999999764e-06 9.500000000000000000e+01 -5.303036655000000106e-03
9.600000000000000000e+01 8.202500000000000156e-04 9.600000000000000000e+01 -1.243019999999999970e-07 9.600000000000000000e+01 -5.377956999999999880e-06 9.600000000000000000e+01 -4.488175591999999867e-03
9.700000000000000000e+01 8.285700000000000443e-04 9.700000000000000000e+01 -2.975469999999999842e-07 9.700000000000000000e+01 -5.588295000000000000e-06 9.700000000000000000e+01 -3.664927861000000144e-03
9.800000000000000000e+01 8.370199999999999516e-04 9.800000000000000000e+01 -3.607910000000000177e-07 9.800000000000000000e+01 -5.848959999999999985e-06 9.800000000000000000e+01 -2.833197214999999981e-03
9.900000000000000000e+01 8.456950000000000404e-04 9.900000000000000000e+01 -2.365349999999999935e-07 9.900000000000000000e+01 -6.023286999999999850e-06 9.900000000000000000e+01 -1.992846984999999908e-03
1.000000000000000000e+02 8.542950000000000326e-04 1.000000000000000000e+02 -1.522790000000000098e-07 1.000000000000000000e+02 -6.109191000000000273e-06 1.000000000000000000e+02 -1.143875088000000009e-03
1.010000000000000000e+02 8.630000000000000518e-04 1.010000000000000000e+02 -8.302300000000000168e-08 1.010000000000000000e+02 -6.161255000000000017e-06 1.010000000000000000e+02 -2.863361079999999928e-04
1.020000000000000000e+02 8.713250000000000509e-04 1.020000000000000000e+02 -2.412679999999999870e-07 1.020000000000000000e+02 -6.308230999999999810e-06 1.020000000000000000e+02 5.796412060000000329e-04
1.030000000000000000e+02 8.798400000000000058e-04 1.030000000000000000e+02 -2.470119999999999887e-07 1.030000000000000000e+02 -6.493867999999999741e-06 1.030000000000000000e+02 1.454113102999999955e-03
1.040000000000000000e+02 8.882850000000000511e-04 1.040000000000000000e+02 -2.977559999999999830e-07 1.040000000000000000e+02 -6.691498999999999984e-06 1.040000000000000000e+02 2.337106249000000125e-03
1.050000000000000000e+02 8.969800000000000212e-04 1.050000000000000000e+02 -1.609999999999999991e-07 1.050000000000000000e+02 -6.789456999999999834e-06 1.050000000000000000e+02 3.228732312999999833e-03
1.060000000000000000e+02 9.056449999999999527e-04 1.060000000000000000e+02 -5.924499999999999880e-08 1.060000000000000000e+02 -6.803576999999999963e-06 1.060000000000000000e+02 4.128975459999999903e-03
1.070000000000000000e+02 9.141099999999999877e-04 1.070000000000000000e+02 -9.998899999999999624e-08 1.070000000000000000e+02 -6.837189999999999670e-06 1.070000000000000000e+02 5.037732357000000369e-03
1.080000000000000000e+02 9.224699999999999957e-04 1.080000000000000000e+02 -1.557330000000000089e-07 1.080000000000000000e+02 -6.899464999999999849e-06 1.080000000000000000e+02 5.954993837000000130e-03
1.090000000000000000e+02 9.311400000000000059e-04 1.090000000000000000e+02 -6.397700000000000438e-08 1.090000000000000000e+02 -6.890400000000000131e-06 1.090000000000000000e+02 6.880859900000000327e-03
1.100000000000000000e+02 9.397249999999999787e-04 1.100000000000000000e+02 5.277899999999999900e-08 1.100000000000000000e+02 -6.790412999999999965e-06 1.100000000000000000e+02 7.815350130000000770e-03
1.110000000000000000e+02 9.483099999999999516e-04 1.110000000000000000e+02 3.953400000000000183e-08 1.110000000000000000e+02 -6.697003000000000295e-06 1.110000000000000000e+02 8.758367027000000735e-03
1.120000000000000000e+02 9.565599999999999624e-04 1.120000000000000000e+02 -6.371000000000000602e-08 1.120000000000000000e+02 -6.671421000000000140e-06 1.120000000000000000e+02 9.709849339999999940e-03
1.130000000000000000e+02 9.651349999999999946e-04 1.130000000000000000e+02 -4.445400000000000221e-08 1.130000000000000000e+02 -6.619499999999999896e-06 1.130000000000000000e+02 1.066989123700000028e-02
1.140000000000000000e+02 9.738550000000000331e-04 1.140000000000000000e+02 1.398019999999999968e-07 1.140000000000000000e+02 -6.414574000000000090e-06 1.140000000000000000e+02 1.163861938399999955e-02
1.150000000000000000e+02 9.825750000000000716e-04 1.150000000000000000e+02 3.015569999999999785e-07 1.150000000000000000e+02 -6.055391000000000042e-06 1.150000000000000000e+02 1.261603503100000058e-02
1.160000000000000000e+02 9.910649999999999581e-04 1.160000000000000000e+02 3.958130000000000252e-07 1.160000000000000000e+02 -5.584868999999999874e-06 1.160000000000000000e+02 1.360209526099999920e-02
1.170000000000000000e+02 9.996849999999999400e-04 1.170000000000000000e+02 5.250689999999999486e-07 1.170000000000000000e+02 -4.993842000000000256e-06 1.170000000000000000e+02 1.459680924099999999e-02
1.180000000000000000e+02 1.008439999999999987e-03 1.180000000000000000e+02 6.368250000000000396e-07 1.180000000000000000e+02 -4.296058999999999757e-06 1.180000000000000000e+02 1.560016322099999977e-02
1.190000000000000000e+02 1.017160000000000026e-03 1.190000000000000000e+02 7.010800000000000283e-07 1.190000000000000000e+02 -3.589436000000000034e-06 1.190000000000000000e+02 1.661205928500000123e-02
1.200000000000000000e+02 1.025295000000000069e-03 1.200000000000000000e+02 3.853359999999999771e-07 1.200000000000000000e+02 -3.122724999999999820e-06 1.200000000000000000e+02 1.763224868200000128e-02
1.210000000000000000e+02 1.033580000000000089e-03 1.210000000000000000e+02 1.445920000000000020e-07 1.210000000000000000e+02 -2.903008000000000209e-06 1.210000000000000000e+02 1.866072432799999875e-02
1.220000000000000000e+02 1.042069999999999975e-03 1.220000000000000000e+02 -5.865200000000000136e-08 1.220000000000000000e+02 -2.861118000000000090e-06 1.220000000000000000e+02 1.969755539200000044e-02
1.230000000000000000e+02 1.050600000000000058e-03 1.230000000000000000e+02 -7.189599999999999740e-08 1.230000000000000000e+02 -2.853306000000000020e-06 1.230000000000000000e+02 2.074288562199999922e-02
1.240000000000000000e+02 1.059100000000000102e-03 1.240000000000000000e+02 -2.014100000000000148e-08 1.240000000000000000e+02 -2.781237999999999933e-06 1.240000000000000000e+02 2.179681335200000028e-02
1.250000000000000000e+02 1.067935000000000108e-03 1.250000000000000000e+02 1.716149999999999919e-07 1.250000000000000000e+02 -2.563247999999999925e-06 1.250000000000000000e+02 2.285942024899999953e-02
1.260000000000000000e+02 1.076555000000000090e-03 1.260000000000000000e+02 2.283710000000000006e-07 1.260000000000000000e+02 -2.292252000000000004e-06 1.260000000000000000e+02 2.393061339600000004e-02
1.270000000000000000e+02 1.084969999999999988e-03 1.270000000000000000e+02 1.276270000000000085e-07 1.270000000000000000e+02 -2.123666000000000006e-06 1.270000000000000000e+02 2.501023737599999963e-02
1.280000000000000000e+02 1.093079999999999963e-03 1.280000000000000000e+02 -1.406179999999999956e-07 1.280000000000000000e+02 -2.151242000000000146e-06 1.280000000000000000e+02 2.609819843899999908e-02
1.290000000000000000e+02 1.101699999999999945e-03 1.290000000000000000e+02 -1.438619999999999948e-07 1.290000000000000000e+02 -2.224145000000000200e-06 1.290000000000000000e+02 2.719464741900000024e-02
1.300000000000000000e+02 1.110319999999999927e-03 1.300000000000000000e+02 -1.346060000000000077e-07 1.300000000000000000e+02 -2.296125999999999791e-06 1.300000000000000000e+02 2.829963056599999957e-02
1.310000000000000000e+02 1.118775000000000021e-03 1.310000000000000000e+02 -1.628500000000000057e-07 1.310000000000000000e+02 -2.409267999999999919e-06 1.310000000000000000e+02 2.941310579600000044e-02
1.320000000000000000e+02 1.127104999999999991e-03 1.320000000000000000e+02 -3.060949999999999891e-07 1.320000000000000000e+02 -2.621071000000000032e-06 1.320000000000000000e+02 3.053501561000000059e-02
1.330000000000000000e+02 1.135675000000000053e-03 1.330000000000000000e+02 -2.968389999999999755e-07 1.330000000000000000e+02 -2.846951000000000146e-06 1.330000000000000000e+02 3.166544459000000117e-02
1.340000000000000000e+02 1.144279999999999907e-03 1.340000000000000000e+02 -2.750829999999999758e-07 1.340000000000000000e+02 -3.036491999999999845e-06 1.340000000000000000e+02 3.280444315299999719e-02
1.350000000000000000e+02 1.152865000000000096e-03 1.350000000000000000e+02 -1.533270000000000071e-07 1.350000000000000000e+02 -3.138026999999999966e-06 1.350000000000000000e+02 3.395206296699999904e-02
1.360000000000000000e+02 1.161415000000000060e-03 1.360000000000000000e+02 -1.340710000000000099e-07 1.360000000000000000e+02 -3.228640000000000143e-06 1.360000000000000000e+02 3.510822694699999857e-02
1.370000000000000000e+02 1.169909999999999917e-03 1.370000000000000000e+02 -2.673159999999999831e-07 1.370000000000000000e+02 -3.423331000000000123e-06 1.370000000000000000e+02 3.627282009399999951e-02
1.380000000000000000e+02 1.178280000000000083e-03 1.380000000000000000e+02 -3.780599999999999853e-07 1.380000000000000000e+02 -3.735849000000000169e-06 1.380000000000000000e+02 3.744582865700000346e-02
1.390000000000000000e+02 1.186664999999999942e-03 1.390000000000000000e+02 -5.088040000000000078e-07 1.390000000000000000e+02 -4.126610999999999681e-06 1.390000000000000000e+02 3.862729222099999665e-02
1.400000000000000000e+02 1.195400000000000108e-03 1.400000000000000000e+02 -3.445479999999999960e-07 1.400000000000000000e+02 -4.428533999999999704e-06 1.400000000000000000e+02 3.981737786700000059e-02
1.410000000000000000e+02 1.203995000000000022e-03 1.410000000000000000e+02 -3.377929999999999861e-07 1.410000000000000000e+02 -4.692035000000000047e-06 1.410000000000000000e+02 4.101603518099999901e-02
1.420000000000000000e+02 1.212584999999999965e-03 1.420000000000000000e+02 -2.985369999999999951e-07 1.420000000000000000e+02 -4.927945999999999862e-06 1.420000000000000000e+02 4.222325332799999748e-02
1.430000000000000000e+02 1.221019999999999961e-03 1.430000000000000000e+02 -2.967810000000000156e-07 1.430000000000000000e+02 -5.144602000000000316e-06 1.430000000000000000e+02 4.343902397399999893e-02
1.440000000000000000e+02 1.229669999999999982e-03 1.440000000000000000e+02 -2.275249999999999942e-07 1.440000000000000000e+02 -5.273669000000000211e-06 1.440000000000000000e+02 4.466341545500000093e-02
1.450000000000000000e+02 1.238539999999999997e-03 1.450000000000000000e+02 1.923000000000000080e-08 1.450000000000000000e+02 -5.225563000000000031e-06 1.450000000000000000e+02 4.589651735099999769e-02
1.460000000000000000e+02 1.247089999999999961e-03 1.460000000000000000e+02 2.598599999999999857e-08 1.460000000000000000e+02 -5.137368000000000108e-06 1.460000000000000000e+02 4.713819258199999918e-02
1.470000000000000000e+02 1.255519999999999987e-03 1.470000000000000000e+02 -7.258000000000000372e-09 1.470000000000000000e+02 -5.074918000000000392e-06 1.470000000000000000e+02 4.838837531199999958e-02
1.480000000000000000e+02 1.264060000000000010e-03 1.480000000000000000e+02 -3.550200000000000251e-08 1.480000000000000000e+02 -5.024877999999999767e-06 1.480000000000000000e+02 4.964707887500000028e-02
1.490000000000000000e+02 1.272705000000000060e-03 1.490000000000000000e+02 3.625400000000000157e-08 1.490000000000000000e+02 -4.905166000000000395e-06 1.490000000000000000e+02 5.091438535500000112e-02
1.500000000000000000e+02 1.281449999999999950e-03 1.500000000000000000e+02 1.955090000000000072e-07 1.500000000000000000e+02 -4.660365000000000399e-06 1.500000000000000000e+02 5.219035016899999796e-02
1.510000000000000000e+02 1.289975000000000063e-03 1.510000000000000000e+02 2.372650000000000007e-07 1.510000000000000000e+02 -4.360058000000000091e-06 1.510000000000000000e+02 5.347490373199999952e-02
1.520000000000000000e+02 1.298509999999999899e-03 1.520000000000000000e+02 2.440210000000000117e-07 1.520000000000000000e+02 -4.049661000000000359e-06 1.520000000000000000e+02 5.476800062900000210e-02
1.530000000000000000e+02 1.306985000000000091e-03 1.530000000000000000e+02 2.357770000000000075e-07 1.530000000000000000e+02 -3.720009999999999811e-06 1.530000000000000000e+02 5.606965002599999942e-02
1.540000000000000000e+02 1.315600000000000103e-03 1.540000000000000000e+02 3.775320000000000218e-07 1.540000000000000000e+02 -3.281935000000000198e-06 1.540000000000000000e+02 5.737994108899999862e-02
1.550000000000000000e+02 1.324239999999999966e-03 1.550000000000000000e+02 4.692879999999999866e-07 1.550000000000000000e+02 -2.760438999999999881e-06 1.550000000000000000e+02 5.869884881899999768e-02
1.560000000000000000e+02 1.332904999999999897e-03 1.560000000000000000e+02 4.610440000000000089e-07 1.560000000000000000e+02 -2.234269000000000139e-06 1.560000000000000000e+02 6.002629446600000335e-02
1.570000000000000000e+02 1.341245000000000024e-03 1.570000000000000000e+02 4.302999999999999819e-07 1.570000000000000000e+02 -1.735511000000000035e-06 1.570000000000000000e+02 6.136224594600000332e-02
1.580000000000000000e+02 1.349715000000000029e-03 1.580000000000000000e+02 3.970559999999999788e-07 1.580000000000000000e+02 -1.246247000000000055e-06 1.580000000000000000e+02 6.270672117599999928e-02
1.590000000000000000e+02 1.358360000000000080e-03 1.590000000000000000e+02 5.038110000000000371e-07 1.590000000000000000e+02 -6.714770000000000510e-07 1.590000000000000000e+02 6.405981515700000239e-02
1.600000000000000000e+02 1.367099999999999999e-03 1.600000000000000000e+02 6.230669999999999504e-07 1.600000000000000000e+02 8.382000000000000213e-09 1.600000000000000000e+02 6.542154746999999382e-02
1.610000000000000000e+02 1.375640000000000022e-03 1.610000000000000000e+02 6.698230000000000284e-07 1.610000000000000000e+02 7.312470000000000098e-07 1.610000000000000000e+02 6.679185603300000218e-02
1.620000000000000000e+02 1.384094999999999900e-03 1.620000000000000000e+02 6.215789999999999572e-07 1.620000000000000000e+02 1.406700000000000016e-06 1.620000000000000000e+02 6.817065042999999325e-02
1.630000000000000000e+02 1.392435000000000027e-03 1.630000000000000000e+02 4.833339999999999789e-07 1.630000000000000000e+02 1.981826999999999923e-06 1.630000000000000000e+02 6.955787774400000456e-02
1.640000000000000000e+02 1.400984999999999991e-03 1.640000000000000000e+02 4.825899999999999823e-07 1.640000000000000000e+02 2.556208999999999805e-06 1.640000000000000000e+02 7.095363755700000163e-02
1.650000000000000000e+02 1.409635000000000011e-03 1.650000000000000000e+02 6.193460000000000456e-07 1.650000000000000000e+02 3.266097000000000080e-06 1.650000000000000000e+02 7.235806612100000035e-02
1.660000000000000000e+02 1.418509999999999997e-03 1.660000000000000000e+02 8.861020000000000290e-07 1.660000000000000000e+02 4.193990000000000142e-06 1.660000000000000000e+02 7.377124593400000152e-02
1.670000000000000000e+02 1.427120000000000038e-03 1.670000000000000000e+02 9.903569999999999524e-07 1.670000000000000000e+02 5.236973000000000317e-06 1.670000000000000000e+02 7.519307408099999701e-02
1.680000000000000000e+02 1.435690000000000100e-03 1.680000000000000000e+02 9.971130000000000957e-07 1.680000000000000000e+02 6.312961000000000356e-06 1.680000000000000000e+02 7.662346847800000083e-02
1.690000000000000000e+02 1.444254999999999975e-03 1.690000000000000000e+02 1.063869000000000088e-06 1.690000000000000000e+02 7.457788999999999892e-06 1.690000000000000000e+02 7.806246495799999685e-02
1.700000000000000000e+02 1.452949999999999945e-03 1.700000000000000000e+02 1.203125000000000022e-06 1.700000000000000000e+02 8.681039000000000420e-06 1.700000000000000000e+02 7.951007310499999536e-02
1.710000000000000000e+02 1.461395000000000098e-03 1.710000000000000000e+02 1.049881000000000003e-06 1.710000000000000000e+02 9.780628000000000778e-06 1.710000000000000000e+02 8.096609083500000414e-02
1.720000000000000000e+02 1.469730000000000038e-03 1.720000000000000000e+02 7.816359999999999987e-07 1.720000000000000000e+02 1.062238999999999944e-05 1.720000000000000000e+02 8.243038398200000505e-02
1.730000000000000000e+02 1.477790000000000093e-03 1.730000000000000000e+02 4.608919999999999954e-07 1.730000000000000000e+02 1.118882299999999992e-05 1.730000000000000000e+02 8.390293504500000166e-02
1.740000000000000000e+02 1.486300000000000078e-03 1.740000000000000000e+02 3.601480000000000033e-07 1.740000000000000000e+02 1.163284700000000006e-05 1.740000000000000000e+02 8.538389694200000657e-02
1.750000000000000000e+02 1.494775000000000053e-03 1.750000000000000000e+02 3.494039999999999966e-07 1.750000000000000000e+02 1.205112500000000060e-05 1.750000000000000000e+02 8.687336633900000216e-02
