-1.750014150000000086e+02 -5.605799999999999759e-04 -1.750014150000000086e+02 2.021999999999999868e-06 -1.750014150000000086e+02 1.079599999999999963e-05
-1.740012900000000116e+02 -5.579499999999999824e-04 -1.740012900000000116e+02 1.435000000000000025e-06 -1.740012900000000116e+02 1.234799999999999934e-05
-1.730005299999999977e+02 -5.543149999999999944e-04 -1.730005299999999977e+02 1.855000000000000027e-06 -1.730005299999999977e+02 1.404399999999999971e-05
-1.720004050000000007e+02 -5.513249999999999705e-04 -1.720004050000000007e+02 1.627999999999999914e-06 -1.720004050000000007e+02 1.564899999999999874e-05
-1.709996449999999868e+02 -5.481750000000000294e-04 -1.709996449999999868e+02 1.563999999999999976e-06 -1.709996449999999868e+02 1.717200000000000093e-05
-1.700007899999999950e+02 -5.449650000000000110e-04 -1.700007899999999950e+02 1.560000000000000099e-06 -1.700007899999999950e+02 1.871799999999999934e-05
-1.690000300000000095e+02 -5.415300000000000278e-04 -1.690000300000000095e+02 1.774000000000000083e-06 -1.690000300000000095e+02 2.043899999999999862e-05
-1.680018100000000061e+02 -5.381200000000000046e-04 -1.680018100000000061e+02 1.975000000000000149e-06 -1.680018100000000061e+02 2.216399999999999989e-05
-1.670010499999999922e+02 -5.358999999999999615e-04 -1.670010499999999922e+02 9.810000000000000096e-07 -1.670010499999999922e+02 2.328500000000000152e-05
-1.660002900000000068e+02 -5.325349999999999962e-04 -1.660002900000000068e+02 1.131000000000000056e-06 -1.660002900000000068e+02 2.438000000000000036e-05
-1.650001650000000097e+02 -5.290800000000000234e-04 -1.650001650000000097e+02 1.368999999999999937e-06 -1.650001650000000097e+02 2.558299999999999883e-05
-1.640019450000000063e+02 -5.263200000000000430e-04 -1.640019450000000063e+02 9.150000000000000274e-07 -1.640019450000000063e+02 2.651400000000000059e-05
-1.630011849999999924e+02 -5.231650000000000232e-04 -1.630011849999999924e+02 8.570000000000000110e-07 -1.630011849999999924e+02 2.740499999999999935e-05
-1.620010599999999954e+02 -5.194999999999999965e-04 -1.620010599999999954e+02 1.308000000000000013e-06 -1.620010599999999954e+02 2.852799999999999859e-05
-1.610003000000000100e+02 -5.166399999999999595e-04 -1.610003000000000100e+02 9.519999999999999484e-07 -1.610003000000000100e+02 2.939400000000000012e-05
-1.600008100000000013e+02 -5.139949999999999467e-04 -1.600008100000000013e+02 3.820000000000000060e-07 -1.600008100000000013e+02 2.986199999999999971e-05
-1.589994149999999991e+02 -5.105300000000000333e-04 -1.589994149999999991e+02 6.300000000000000033e-07 -1.589994149999999991e+02 3.036800000000000130e-05
-1.580005600000000072e+02 -5.075050000000000004e-04 -1.580005600000000072e+02 4.429999999999999831e-07 -1.580005600000000072e+02 3.076999999999999847e-05
-1.569991650000000050e+02 -5.044150000000000283e-04 -1.569991650000000050e+02 3.139999999999999794e-07 -1.569991650000000050e+02 3.108300000000000039e-05
-1.560003100000000131e+02 -5.010400000000000140e-04 -1.560003100000000131e+02 4.770000000000000494e-07 -1.560003100000000131e+02 3.136800000000000189e-05
-1.550008200000000045e+02 -4.985099999999999688e-04 -1.550008200000000045e+02 -2.069999999999999875e-07 -1.550008200000000045e+02 3.122399999999999785e-05
-1.540000599999999906e+02 -4.952949999999999801e-04 -1.540000599999999906e+02 -2.080000000000000096e-07 -1.540000599999999906e+02 3.097200000000000094e-05
-1.530005700000000104e+02 -4.920400000000000121e-04 -1.530005700000000104e+02 -1.699999999999999870e-07 -1.530005700000000104e+02 3.074700000000000225e-05
-1.520004450000000134e+02 -4.888149999999999743e-04 -1.520004450000000134e+02 -1.600000000000000033e-07 -1.520004450000000134e+02 3.055399999999999918e-05
-1.509996849999999995e+02 -4.854850000000000181e-04 -1.509996849999999995e+02 -4.300000000000000123e-08 -1.509996849999999995e+02 3.036199999999999831e-05
-1.500001949999999908e+02 -4.827449999999999732e-04 -1.500001949999999908e+02 -5.169999999999999840e-07 -1.500001949999999908e+02 2.990999999999999993e-05
-1.490007050000000106e+02 -4.793099999999999900e-04 -1.490007050000000106e+02 -2.949999999999999814e-07 -1.490007050000000106e+02 2.944200000000000034e-05
-1.480005800000000136e+02 -4.766050000000000082e-04 -1.480005800000000136e+02 -8.040000000000000526e-07 -1.480005800000000136e+02 2.870599999999999926e-05
-1.470004549999999881e+02 -4.731849999999999902e-04 -1.470004549999999881e+02 -6.039999999999999557e-07 -1.470004549999999881e+02 2.800400000000000157e-05
-1.460009650000000079e+02 -4.700600000000000091e-04 -1.460009650000000079e+02 -6.899999999999999582e-07 -1.460009650000000079e+02 2.729999999999999951e-05
-1.450002049999999940e+02 -4.667100000000000090e-04 -1.450002049999999940e+02 -5.549999999999999802e-07 -1.450002049999999940e+02 2.667999999999999867e-05
-1.440007150000000138e+02 -4.634400000000000216e-04 -1.440007150000000138e+02 -5.010000000000000525e-07 -1.440007150000000138e+02 2.605299999999999942e-05
-1.430018599999999935e+02 -4.606300000000000130e-04 -1.430018599999999935e+02 -9.040000000000000480e-07 -1.430018599999999935e+02 2.514399999999999846e-05
-1.419998300000000029e+02 -4.575399999999999866e-04 -1.419998300000000029e+02 -1.032000000000000030e-06 -1.419998300000000029e+02 2.412200000000000046e-05
-1.409997050000000058e+02 -4.540899999999999841e-04 -1.409997050000000058e+02 -7.959999999999999809e-07 -1.409997050000000058e+02 2.324199999999999872e-05
-1.400002149999999972e+02 -4.508350000000000161e-04 -1.400002149999999972e+02 -7.570000000000000155e-07 -1.400002149999999972e+02 2.238400000000000117e-05
-1.389994550000000118e+02 -4.478850000000000257e-04 -1.389994550000000118e+02 -1.019999999999999975e-06 -1.389994550000000118e+02 2.135399999999999918e-05
-1.380012350000000083e+02 -4.446949999999999970e-04 -1.380012350000000083e+02 -1.043000000000000009e-06 -1.380012350000000083e+02 2.029500000000000135e-05
-1.370004749999999945e+02 -4.412899999999999982e-04 -1.370004749999999945e+02 -8.549999999999999666e-07 -1.370004749999999945e+02 1.926700000000000035e-05
-1.360009849999999858e+02 -4.386200000000000255e-04 -1.360009849999999858e+02 -1.399000000000000073e-06 -1.360009849999999858e+02 1.801700000000000046e-05
-1.350002250000000004e+02 -4.347549999999999939e-04 -1.350002250000000004e+02 -7.500000000000000190e-07 -1.350002250000000004e+02 1.707500000000000169e-05
-1.340001000000000033e+02 -4.317349999999999855e-04 -1.340001000000000033e+02 -9.460000000000000271e-07 -1.340001000000000033e+02 1.610499999999999912e-05
-1.330006099999999947e+02 -4.285399999999999865e-04 -1.330006099999999947e+02 -9.850000000000000984e-07 -1.330006099999999947e+02 1.504800000000000060e-05
-1.319985800000000040e+02 -4.255050000000000130e-04 -1.319985800000000040e+02 -1.148000000000000062e-06 -1.319985800000000040e+02 1.390000000000000075e-05
-1.310009949999999890e+02 -4.221550000000000129e-04 -1.310009949999999890e+02 -1.012000000000000009e-06 -1.310009949999999890e+02 1.281399999999999963e-05
-1.300008699999999919e+02 -4.189500000000000190e-04 -1.300008699999999919e+02 -1.018000000000000037e-06 -1.300008699999999919e+02 1.165899999999999967e-05
-1.290013800000000117e+02 -4.162600000000000024e-04 -1.290013800000000117e+02 -1.540999999999999942e-06 -1.290013800000000117e+02 1.019600000000000030e-05
-1.280025249999999915e+02 -4.127949999999999805e-04 -1.280025249999999915e+02 -1.292000000000000081e-06 -1.280025249999999915e+02 8.789000000000000046e-06
-1.269998599999999982e+02 -4.097150000000000032e-04 -1.269998599999999982e+02 -1.430000000000000073e-06 -1.269998599999999982e+02 7.318999999999999721e-06
-1.259997350000000012e+02 -4.065699999999999783e-04 -1.259997350000000012e+02 -1.504999999999999990e-06 -1.259997350000000012e+02 5.834000000000000386e-06
-1.250002450000000067e+02 -4.030099999999999785e-04 -1.250002450000000067e+02 -1.154000000000000090e-06 -1.250002450000000067e+02 4.568000000000000141e-06
-1.239994850000000071e+02 -3.998100000000000091e-04 -1.239994850000000071e+02 -1.171000000000000096e-06 -1.239994850000000071e+02 3.281000000000000011e-06
-1.229993599999999958e+02 -3.970050000000000250e-04 -1.229993599999999958e+02 -1.577000000000000105e-06 -1.229993599999999958e+02 1.687999999999999974e-06
-1.220005050000000040e+02 -3.939950000000000114e-04 -1.220005050000000040e+02 -1.782000000000000049e-06 -1.220005050000000040e+02 -4.799999999999999968e-08
-1.210003800000000069e+02 -3.904000000000000027e-04 -1.210003800000000069e+02 -1.402999999999999950e-06 -1.210003800000000069e+02 -1.557000000000000085e-06
-1.200027950000000061e+02 -3.871449999999999805e-04 -1.200027950000000061e+02 -1.357000000000000094e-06 -1.200027950000000061e+02 -2.973000000000000165e-06
-1.190020350000000064e+02 -3.839250000000000215e-04 -1.190020350000000064e+02 -1.356000000000000019e-06 -1.190020350000000064e+02 -4.376999999999999767e-06
-1.180000050000000016e+02 -3.806950000000000134e-04 -1.180000050000000016e+02 -1.342000000000000026e-06 -1.180000050000000016e+02 -5.786000000000000168e-06
-1.170011499999999955e+02 -3.775650000000000078e-04 -1.170011499999999955e+02 -1.425999999999999984e-06 -1.170011499999999955e+02 -7.245000000000000090e-06
-1.160003899999999959e+02 -3.743250000000000050e-04 -1.160003899999999959e+02 -1.404000000000000025e-06 -1.160003899999999959e+02 -8.650000000000000191e-06
-1.150002649999999988e+02 -3.707949999999999896e-04 -1.150002649999999988e+02 -1.086999999999999926e-06 -1.150002649999999988e+02 -9.816000000000000547e-06
-1.140014100000000070e+02 -3.674349999999999947e-04 -1.140014100000000070e+02 -9.399999999999999998e-07 -1.140014100000000070e+02 -1.087500000000000006e-05
-1.130006499999999932e+02 -3.644799999999999798e-04 -1.130006499999999932e+02 -1.201000000000000021e-06 -1.130006499999999932e+02 -1.204800000000000052e-05
-1.120011599999999987e+02 -3.610549999999999914e-04 -1.120011599999999987e+02 -9.900000000000000505e-07 -1.120011599999999987e+02 -1.311400000000000014e-05
-1.110003999999999991e+02 -3.577550000000000196e-04 -1.110003999999999991e+02 -9.320000000000000341e-07 -1.110003999999999991e+02 -1.410300000000000033e-05
-1.100021799999999956e+02 -3.545450000000000012e-04 -1.100021799999999956e+02 -9.069999999999999558e-07 -1.100021799999999956e+02 -1.504400000000000030e-05
-1.090001500000000050e+02 -3.512049999999999959e-04 -1.090001500000000050e+02 -7.859999999999999708e-07 -1.090001500000000050e+02 -1.592800000000000064e-05
-1.080000249999999937e+02 -3.481499999999999786e-04 -1.080000249999999937e+02 -9.439999999999999827e-07 -1.080000249999999937e+02 -1.682400000000000020e-05
-1.070005349999999993e+02 -3.445000000000000254e-04 -1.070005349999999993e+02 -5.090000000000000183e-07 -1.070005349999999993e+02 -1.748499999999999946e-05
-1.060010450000000048e+02 -3.414599999999999732e-04 -1.060010450000000048e+02 -6.850000000000000061e-07 -1.060010450000000048e+02 -1.817699999999999893e-05
-1.050002850000000052e+02 -3.381600000000000014e-04 -1.050002850000000052e+02 -5.999999999999999728e-07 -1.050002850000000052e+02 -1.881499999999999858e-05
-1.040007949999999965e+02 -3.347849999999999871e-04 -1.040007949999999965e+02 -4.370000000000000088e-07 -1.040007949999999965e+02 -1.934900000000000058e-05
-1.030013050000000021e+02 -3.316799999999999957e-04 -1.030013050000000021e+02 -5.479999999999999837e-07 -1.030013050000000021e+02 -1.995699999999999883e-05
-1.019999099999999999e+02 -3.286349999999999731e-04 -1.019999099999999999e+02 -7.199999999999999886e-07 -1.019999099999999999e+02 -2.068600000000000151e-05
-1.010023249999999990e+02 -3.253449999999999962e-04 -1.010023249999999990e+02 -6.419999999999999519e-07 -1.010023249999999990e+02 -2.134299999999999877e-05
-1.000009299999999968e+02 -3.218350000000000247e-04 -1.000009299999999968e+02 -3.479999999999999927e-07 -1.000009299999999968e+02 -2.179899999999999915e-05
-9.900016999999999712e+01 -3.186700000000000101e-04 -9.900016999999999712e+01 -3.979999999999999905e-07 -9.900016999999999712e+01 -2.215899999999999909e-05
-9.800004500000000007e+01 -3.149749999999999989e-04 -9.800004500000000007e+01 8.099999999999999739e-08 -9.800004500000000007e+01 -2.219700000000000110e-05
-9.700055500000000563e+01 -3.116899999999999922e-04 -9.700055500000000563e+01 1.509999999999999889e-07 -9.700055500000000563e+01 -2.212000000000000167e-05
-9.599788999999999817e+01 -3.085399999999999970e-04 -9.599788999999999817e+01 8.300000000000000207e-08 -9.599788999999999817e+01 -2.201499999999999844e-05
-9.500030499999999734e+01 -3.049600000000000075e-04 -9.500030499999999734e+01 4.510000000000000018e-07 -9.500030499999999734e+01 -2.171200000000000151e-05
-9.400018000000000029e+01 -3.019650000000000134e-04 -9.400018000000000029e+01 2.309999999999999906e-07 -9.400018000000000029e+01 -2.154399999999999905e-05
-9.300132499999999425e+01 -2.990450000000000074e-04 -9.300132499999999425e+01 -6.100000000000000359e-08 -9.300132499999999425e+01 -2.156500000000000105e-05
-9.200056499999999460e+01 -2.955750000000000152e-04 -9.200056499999999460e+01 1.900000000000000073e-07 -9.200056499999999460e+01 -2.146600000000000081e-05
-9.100107500000000016e+01 -2.923499999999999775e-04 -9.100107500000000016e+01 1.999999999999999909e-07 -9.100107500000000016e+01 -2.135200000000000157e-05
-9.000031500000000051e+01 -2.893400000000000182e-04 -9.000031500000000051e+01 -2.999999999999999980e-09 -9.000031500000000051e+01 -2.135699999999999898e-05
-8.900019000000000347e+01 -2.860350000000000219e-04 -8.900019000000000347e+01 8.600000000000000246e-08 -8.900019000000000347e+01 -2.141500000000000079e-05
-8.800069999999999482e+01 -2.832949999999999770e-04 -8.800069999999999482e+01 -3.870000000000000111e-07 -8.800069999999999482e+01 -2.172199999999999972e-05
-8.700057499999999777e+01 -2.797650000000000158e-04 -8.700057499999999777e+01 -7.000000000000000477e-08 -8.700057499999999777e+01 -2.193100000000000060e-05
-8.600298999999999694e+01 -2.767649999999999971e-04 -8.600298999999999694e+01 -2.840000000000000020e-07 -8.600298999999999694e+01 -2.222800000000000131e-05
-8.500032500000000368e+01 -2.735349999999999891e-04 -8.500032500000000368e+01 -2.720000000000000004e-07 -8.500032500000000368e+01 -2.258300000000000045e-05
-8.400146999999999764e+01 -2.705049999999999859e-04 -8.400146999999999764e+01 -4.549999999999999847e-07 -8.400146999999999764e+01 -2.300000000000000002e-05
-8.299372499999999775e+01 -2.669249999999999965e-04 -8.299372499999999775e+01 -1.029999999999999959e-07 -8.299372499999999775e+01 -2.318700000000000009e-05
-8.199994999999999834e+01 -2.635700000000000261e-04 -8.199994999999999834e+01 4.600000000000000162e-08 -8.199994999999999834e+01 -2.320300000000000129e-05
-8.100046000000000390e+01 -2.602799999999999949e-04 -8.100046000000000390e+01 1.239999999999999986e-07 -8.100046000000000390e+01 -2.311099999999999946e-05
-8.000033500000000686e+01 -2.568749999999999961e-04 -8.000033500000000686e+01 3.139999999999999794e-07 -8.000033500000000686e+01 -2.279899999999999974e-05
-7.899957499999999300e+01 -2.531699999999999901e-04 -7.899957499999999300e+01 7.999999999999999638e-07 -7.899957499999999300e+01 -2.220800000000000150e-05
-7.800008499999999856e+01 -2.504249999999999749e-04 -7.800008499999999856e+01 3.309999999999999861e-07 -7.800008499999999856e+01 -2.178000000000000153e-05
-7.700123000000000673e+01 -2.467950000000000113e-04 -7.700123000000000673e+01 7.479999999999999746e-07 -7.700123000000000673e+01 -2.117400000000000090e-05
-7.600047000000000708e+01 -2.437100000000000095e-04 -7.600047000000000708e+01 6.199999999999999931e-07 -7.600047000000000708e+01 -2.058700000000000127e-05
-7.500034499999999582e+01 -2.405150000000000105e-04 -7.500034499999999582e+01 5.990000000000000036e-07 -7.500034499999999582e+01 -2.004499999999999866e-05
-7.400085500000000138e+01 -2.373599999999999907e-04 -7.400085500000000138e+01 5.400000000000000179e-07 -7.400085500000000138e+01 -1.946399999999999864e-05
-7.300263499999999794e+01 -2.336550000000000118e-04 -7.300263499999999794e+01 1.030999999999999954e-06 -7.300263499999999794e+01 -1.863299999999999931e-05
-7.200123999999999569e+01 -2.308450000000000031e-04 -7.200123999999999569e+01 6.260000000000000204e-07 -7.200123999999999569e+01 -1.798000000000000065e-05
-7.100238500000000386e+01 -2.275699999999999913e-04 -7.100238500000000386e+01 6.880000000000000197e-07 -7.100238500000000386e+01 -1.737100000000000021e-05
-6.999908499999999378e+01 -2.244600000000000024e-04 -6.999908499999999378e+01 5.770000000000000448e-07 -6.999908499999999378e+01 -1.676599999999999838e-05
-6.899959499999999935e+01 -2.208800000000000130e-04 -6.899959499999999935e+01 9.430000000000000134e-07 -6.899959499999999935e+01 -1.592399999999999865e-05
-6.800073999999999330e+01 -2.176050000000000011e-04 -6.800073999999999330e+01 1.005999999999999982e-06 -6.800073999999999330e+01 -1.499499999999999958e-05
-6.700061499999999626e+01 -2.144899999999999877e-04 -6.700061499999999626e+01 9.069999999999999558e-07 -6.700061499999999626e+01 -1.410799999999999943e-05
-6.600048999999999921e+01 -2.111849999999999914e-04 -6.600048999999999921e+01 9.969999999999999411e-07 -6.600048999999999921e+01 -1.319300000000000057e-05
-6.500036500000000217e+01 -2.080700000000000052e-04 -6.500036500000000217e+01 8.970000000000000515e-07 -6.500036500000000217e+01 -1.230900000000000023e-05
-6.399896999999999991e+01 -2.047299999999999999e-04 -6.399896999999999991e+01 1.022999999999999989e-06 -6.399896999999999991e+01 -1.131299999999999994e-05
-6.299947999999999837e+01 -2.012449999999999883e-04 -6.299947999999999837e+01 1.292999999999999945e-06 -6.299947999999999837e+01 -1.016500000000000009e-05
-6.200062499999999943e+01 -1.983300000000000069e-04 -6.200062499999999943e+01 9.939999999999999275e-07 -6.200062499999999943e+01 -9.123000000000000575e-06
-6.099986499999999978e+01 -1.948150000000000109e-04 -6.099986499999999978e+01 1.286999999999999917e-06 -6.099986499999999978e+01 -7.955999999999999720e-06
-6.000037499999999824e+01 -1.917250000000000117e-04 -6.000037499999999824e+01 1.165000000000000069e-06 -6.000037499999999824e+01 -6.863000000000000190e-06
-5.899961499999999859e+01 -1.887600000000000020e-04 -5.899961499999999859e+01 9.120000000000000138e-07 -5.899961499999999859e+01 -5.903000000000000064e-06
-5.800012499999999704e+01 -1.852000000000000022e-04 -5.800012499999999704e+01 1.256999999999999993e-06 -5.800012499999999704e+01 -4.731999999999999756e-06
-5.700000000000000000e+01 -1.818599999999999969e-04 -5.700000000000000000e+01 1.387000000000000019e-06 -5.700000000000000000e+01 -3.452999999999999805e-06
-5.599669999999999703e+01 -1.788500000000000105e-04 -5.599669999999999703e+01 1.173999999999999898e-06 -5.599669999999999703e+01 -2.263000000000000187e-06
-5.500101999999999691e+01 -1.754550000000000066e-04 -5.500101999999999691e+01 1.362999999999999910e-06 -5.500101999999999691e+01 -1.043000000000000009e-06
-5.400089499999999987e+01 -1.726099999999999889e-04 -5.400089499999999987e+01 9.939999999999999275e-07 -5.400089499999999987e+01 -4.699999999999999734e-08
-5.300077000000000282e+01 -1.694499999999999988e-04 -5.300077000000000282e+01 9.379999999999999554e-07 -5.300077000000000282e+01 8.840000000000000278e-07
-5.200064499999999867e+01 -1.660300000000000079e-04 -5.200064499999999867e+01 1.143999999999999974e-06 -5.200064499999999867e+01 1.856000000000000102e-06
-5.100052000000000163e+01 -1.633050000000000094e-04 -5.100052000000000163e+01 6.220000000000000375e-07 -5.100052000000000163e+01 2.595000000000000142e-06
-4.999848999999999677e+01 -1.596299999999999878e-04 -4.999848999999999677e+01 1.108000000000000022e-06 -4.999848999999999677e+01 3.537000000000000186e-06
-4.900027000000000044e+01 -1.566299999999999962e-04 -4.900027000000000044e+01 8.989999999999999900e-07 -4.900027000000000044e+01 4.361000000000000259e-06
-4.799316000000000315e+01 -1.537599999999999915e-04 -4.799316000000000315e+01 5.419999999999999564e-07 -4.799316000000000315e+01 4.981999999999999904e-06
-4.700001999999999924e+01 -1.501300000000000009e-04 -4.700001999999999924e+01 9.659999999999999415e-07 -4.700001999999999924e+01 5.759000000000000257e-06
-4.600052999999999770e+01 -1.473199999999999922e-04 -4.600052999999999770e+01 5.619999999999999767e-07 -4.600052999999999770e+01 6.311000000000000224e-06
-4.500104000000000326e+01 -1.442699999999999994e-04 -4.500104000000000326e+01 3.990000000000000126e-07 -4.500104000000000326e+01 6.691999999999999625e-06
-4.399964500000000100e+01 -1.410249999999999991e-04 -4.399964500000000100e+01 4.269999999999999987e-07 -4.399964500000000100e+01 7.045000000000000311e-06
-4.299761500000000325e+01 -1.379150000000000102e-04 -4.299761500000000325e+01 3.189999999999999845e-07 -4.299761500000000325e+01 7.259000000000000295e-06
-4.200066499999999792e+01 -1.351350000000000131e-04 -4.200066499999999792e+01 -1.110000000000000013e-07 -4.200066499999999792e+01 7.138000000000000098e-06
-4.100117500000000348e+01 -1.321050000000000100e-04 -4.100117500000000348e+01 -2.970000000000000257e-07 -4.100117500000000348e+01 6.837999999999999583e-06
-4.000041499999999672e+01 -1.287949999999999891e-04 -4.000041499999999672e+01 -1.999999999999999909e-07 -4.000041499999999672e+01 6.569999999999999777e-06
-3.900219500000000039e+01 -1.255899999999999953e-04 -3.900219500000000039e+01 -2.080000000000000096e-07 -3.900219500000000039e+01 6.251999999999999603e-06
-3.800016500000000264e+01 -1.227350000000000099e-04 -3.800016500000000264e+01 -5.689999999999999732e-07 -3.800016500000000264e+01 5.676000000000000374e-06
-3.700067500000000109e+01 -1.196149999999999991e-04 -3.700067500000000109e+01 -6.670000000000000302e-07 -3.700067500000000109e+01 5.047999999999999780e-06
-3.599991500000000144e+01 -1.159650000000000053e-04 -3.599991500000000144e+01 -2.289999999999999992e-07 -3.599991500000000144e+01 4.631000000000000215e-06
-3.499978999999999729e+01 -1.131299999999999960e-04 -3.499978999999999729e+01 -6.120000000000000274e-07 -3.499978999999999729e+01 4.019999999999999628e-06
-3.400093499999999835e+01 -1.099950000000000065e-04 -3.400093499999999835e+01 -6.870000000000000504e-07 -3.400093499999999835e+01 3.237000000000000094e-06
-3.300017499999999870e+01 -1.071149999999999934e-04 -3.300017499999999870e+01 -1.027999999999999941e-06 -3.300017499999999870e+01 2.186999999999999983e-06
-3.199878000000000000e+01 -1.040699999999999980e-04 -3.199878000000000000e+01 -1.198000000000000007e-06 -3.199878000000000000e+01 9.689999999999999551e-07
-3.100056000000000012e+01 -1.008450000000000009e-04 -3.100056000000000012e+01 -1.185999999999999953e-06 -3.100056000000000012e+01 -2.100000000000000011e-07
-3.000106999999999857e+01 -9.727300000000000193e-05 -3.000106999999999857e+01 -8.260000000000000113e-07 -3.000106999999999857e+01 -1.213000000000000075e-06
-2.900030999999999892e+01 -9.445699999999999366e-05 -2.900030999999999892e+01 -1.227000000000000068e-06 -2.900030999999999892e+01 -2.392999999999999789e-06
-2.800145499999999998e+01 -9.105199999999999492e-05 -2.800145499999999998e+01 -1.033999999999999968e-06 -2.800145499999999998e+01 -3.558000000000000070e-06
-2.700069500000000033e+01 -8.812299999999999636e-05 -2.700069500000000033e+01 -1.320999999999999931e-06 -2.700069500000000033e+01 -4.874000000000000260e-06
-2.600056999999999974e+01 -8.485999999999999728e-05 -2.600056999999999974e+01 -1.275999999999999938e-06 -2.600056999999999974e+01 -6.233999999999999944e-06
-2.500108000000000175e+01 -8.180699999999999788e-05 -2.500108000000000175e+01 -1.433000000000000087e-06 -2.500108000000000175e+01 -7.629000000000000141e-06
-2.400031999999999854e+01 -7.822000000000000665e-05 -2.400031999999999854e+01 -1.061999999999999954e-06 -2.400031999999999854e+01 -8.824000000000000558e-06
-2.300019500000000150e+01 -7.512100000000000125e-05 -2.300019500000000150e+01 -1.179000000000000062e-06 -2.300019500000000150e+01 -1.002199999999999993e-05
-2.199879999999999924e+01 -7.183599999999999459e-05 -2.199879999999999924e+01 -1.109999999999999960e-06 -2.199879999999999924e+01 -1.119500000000000039e-05
-2.100121499999999841e+01 -6.862799999999999413e-05 -2.100121499999999841e+01 -1.111999999999999899e-06 -2.100121499999999841e+01 -1.233499999999999964e-05
-1.999981999999999971e+01 -6.527100000000000577e-05 -1.999981999999999971e+01 -9.749999999999999823e-07 -1.999981999999999971e+01 -1.340799999999999936e-05
-1.900033000000000172e+01 -6.220400000000000278e-05 -1.900033000000000172e+01 -1.122000000000000015e-06 -1.900033000000000172e+01 -1.455399999999999991e-05
-1.799956999999999852e+01 -5.897599999999999913e-05 -1.799956999999999852e+01 -1.108000000000000022e-06 -1.799956999999999852e+01 -1.565999999999999914e-05
-1.700008000000000052e+01 -5.542900000000000073e-05 -1.700008000000000052e+01 -7.780000000000000050e-07 -1.700008000000000052e+01 -1.655599999999999870e-05
-1.599995499999999993e+01 -5.229000000000000249e-05 -1.599995499999999993e+01 -8.539999999999999974e-07 -1.599995499999999993e+01 -1.745200000000000164e-05
-1.499919500000000028e+01 -4.910000000000000085e-05 -1.499919500000000028e+01 -8.819999999999999834e-07 -1.499919500000000028e+01 -1.836500000000000120e-05
-1.399716500000000075e+01 -4.579300000000000015e-05 -1.399716500000000075e+01 -7.910000000000000288e-07 -1.399716500000000075e+01 -1.917000000000000111e-05
-1.300148500000000062e+01 -4.227100000000000237e-05 -1.300148500000000062e+01 -4.759999999999999742e-07 -1.300148500000000062e+01 -1.973899999999999854e-05
-1.199945499999999932e+01 -3.899599999999999730e-05 -1.199945499999999932e+01 -4.189999999999999800e-07 -1.199945499999999932e+01 -2.020599999999999932e-05
-1.100123499999999943e+01 -3.571300000000000180e-05 -1.100123499999999943e+01 -3.479999999999999927e-07 -1.100123499999999943e+01 -2.064199999999999989e-05
-1.000047499999999978e+01 -3.265100000000000299e-05 -1.000047499999999978e+01 -5.010000000000000525e-07 -1.000047499999999978e+01 -2.117299999999999871e-05
-9.002254999999999896e+00 -2.946599999999999876e-05 -9.002254999999999896e+00 -5.279999999999999634e-07 -9.002254999999999896e+00 -2.167699999999999930e-05
-8.000859999999999417e+00 -2.582399999999999873e-05 -8.000859999999999417e+00 -1.029999999999999959e-07 -8.000859999999999417e+00 -2.191299999999999840e-05
-7.000099999999999767e+00 -2.267499999999999889e-05 -7.000099999999999767e+00 -1.720000000000000049e-07 -7.000099999999999767e+00 -2.212000000000000167e-05
-6.000609999999999999e+00 -1.943499999999999942e-05 -6.000609999999999999e+00 -1.470000000000000061e-07 -6.000609999999999999e+00 -2.226500000000000113e-05
-5.001120000000000232e+00 -1.588600000000000003e-05 -5.001120000000000232e+00 1.910000000000000030e-07 -5.001120000000000232e+00 -2.220900000000000031e-05
-4.000994999999999635e+00 -1.283200000000000013e-05 -4.000994999999999635e+00 2.700000000000000023e-08 -4.000994999999999635e+00 -2.218800000000000169e-05
-3.002139999999999809e+00 -9.517000000000000530e-06 -3.002139999999999809e+00 1.309999999999999951e-07 -3.002139999999999809e+00 -2.214900000000000088e-05
-2.002650000000000041e+00 -6.443999999999999628e-06 -2.002650000000000041e+00 -1.099999999999999924e-08 -2.002650000000000041e+00 -2.216399999999999989e-05
-9.999850000000000128e-01 -3.091000000000000136e-06 -9.999850000000000128e-01 1.249999999999999943e-07 -9.999850000000000128e-01 -2.210300000000000166e-05
-1.129999999999999928e-03 1.830000000000000108e-07 -1.129999999999999928e-03 1.840000000000000065e-07 -1.129999999999999928e-03 -2.198500000000000042e-05
9.989949999999999664e-01 3.363999999999999894e-06 9.989949999999999664e-01 1.489999999999999975e-07 9.989949999999999664e-01 -2.186099999999999957e-05
1.999754999999999949e+00 6.700000000000000226e-06 1.999754999999999949e+00 2.669999999999999953e-07 1.999754999999999949e+00 -2.160700000000000167e-05
2.999880000000000102e+00 1.026100000000000052e-05 2.999880000000000102e+00 6.120000000000000274e-07 2.999880000000000102e+00 -2.105200000000000105e-05
4.000004999999999811e+00 1.378700000000000030e-05 4.000004999999999811e+00 9.229999999999999932e-07 4.000004999999999811e+00 -2.025399999999999954e-05
4.998224999999999696e+00 1.686000000000000121e-05 4.998224999999999696e+00 7.870000000000000459e-07 4.998224999999999696e+00 -1.954799999999999987e-05
5.999620000000000175e+00 1.976000000000000055e-05 5.999620000000000175e+00 4.710000000000000221e-07 5.999620000000000175e+00 -1.903599999999999867e-05
6.999744999999999884e+00 2.321099999999999851e-05 6.999744999999999884e+00 7.059999999999999956e-07 6.999744999999999884e+00 -1.844200000000000063e-05
7.999234999999999651e+00 2.629000000000000071e-05 7.999234999999999651e+00 5.719999999999999868e-07 7.999234999999999651e+00 -1.791599999999999923e-05
8.999359999999999360e+00 2.939400000000000012e-05 8.999359999999999360e+00 4.610000000000000120e-07 8.999359999999999360e+00 -1.749699999999999867e-05
1.000075499999999984e+01 3.255800000000000236e-05 1.000075499999999984e+01 4.060000000000000092e-07 1.000075499999999984e+01 -1.707199999999999850e-05
1.100786500000000068e+01 3.614500000000000037e-05 1.100786500000000068e+01 7.689999999999999641e-07 1.100786500000000068e+01 -1.634599999999999901e-05
1.199910000000000032e+01 3.975699999999999899e-05 1.199910000000000032e+01 1.179000000000000062e-06 1.199910000000000032e+01 -1.529999999999999920e-05
1.300366999999999962e+01 4.288999999999999763e-05 1.300366999999999962e+01 1.089999999999999940e-06 1.300366999999999962e+01 -1.426199999999999999e-05
1.399934999999999974e+01 4.600400000000000203e-05 1.399934999999999974e+01 9.960000000000000777e-07 1.399934999999999974e+01 -1.334399999999999963e-05
1.500010999999999939e+01 4.895999999999999880e-05 1.500010999999999939e+01 7.349999999999999509e-07 1.500010999999999939e+01 -1.255400000000000042e-05
1.599959999999999916e+01 5.254000000000000179e-05 1.599959999999999916e+01 1.105000000000000008e-06 1.599959999999999916e+01 -1.154699999999999973e-05
1.699908999999999892e+01 5.584499999999999810e-05 1.699908999999999892e+01 1.193999999999999918e-06 1.699908999999999892e+01 -1.037700000000000077e-05
1.799858000000000047e+01 5.930400000000000005e-05 1.799858000000000047e+01 1.438999999999999902e-06 1.799858000000000047e+01 -9.056999999999999852e-06
1.899997499999999917e+01 6.236199999999999686e-05 1.899997499999999917e+01 1.278000000000000088e-06 1.899997499999999917e+01 -7.814000000000000064e-06
2.000009999999999977e+01 6.550699999999999470e-05 2.000009999999999977e+01 1.210000000000000062e-06 2.000009999999999977e+01 -6.547999999999999818e-06
2.099959000000000131e+01 6.929500000000000655e-05 2.099959000000000131e+01 1.782000000000000049e-06 2.099959000000000131e+01 -4.906000000000000123e-06
2.199907999999999930e+01 7.254500000000000423e-05 2.199907999999999930e+01 1.819999999999999939e-06 2.199907999999999930e+01 -3.226000000000000114e-06
2.299920499999999990e+01 7.526199999999999871e-05 2.299920499999999990e+01 1.320999999999999931e-06 2.299920499999999990e+01 -1.807000000000000021e-06
2.399933000000000050e+01 7.883999999999999732e-05 2.399933000000000050e+01 1.715000000000000097e-06 2.399933000000000050e+01 -1.879999999999999894e-07
2.499818499999999943e+01 8.220299999999999884e-05 2.499818499999999943e+01 1.833999999999999932e-06 2.499818499999999943e+01 1.571999999999999942e-06
2.599894499999999908e+01 8.538900000000000526e-05 2.599894499999999908e+01 1.810999999999999898e-06 2.599894499999999908e+01 3.318999999999999902e-06
2.699970499999999873e+01 8.850699999999999811e-05 2.699970499999999873e+01 1.709000000000000070e-06 2.699970499999999873e+01 4.954000000000000341e-06
2.799982999999999933e+01 9.148300000000000485e-05 2.799982999999999933e+01 1.469000000000000038e-06 2.799982999999999933e+01 6.426999999999999621e-06
2.899932000000000087e+01 9.478499999999999458e-05 2.899932000000000087e+01 1.556000000000000010e-06 2.899932000000000087e+01 7.924000000000000704e-06
2.999880999999999887e+01 9.804100000000000542e-05 2.999880999999999887e+01 1.596000000000000051e-06 2.999880999999999887e+01 9.453999999999999608e-06
3.099702999999999875e+01 1.011999999999999933e-04 3.099702999999999875e+01 1.543999999999999956e-06 3.099702999999999875e+01 1.091399999999999918e-05
3.199778999999999840e+01 1.041600000000000056e-04 3.199778999999999840e+01 1.291000000000000006e-06 3.199778999999999840e+01 1.221800000000000059e-05
3.299855000000000160e+01 1.075100000000000057e-04 3.299855000000000160e+01 1.421000000000000032e-06 3.299855000000000160e+01 1.354099999999999961e-05
3.399994499999999675e+01 1.105699999999999934e-04 3.399994499999999675e+01 1.266000000000000034e-06 3.399994499999999675e+01 1.469400000000000026e-05
3.499117999999999995e+01 1.132450000000000042e-04 3.499117999999999995e+01 7.400000000000000089e-07 3.499117999999999995e+01 1.549299999999999888e-05
3.599956000000000245e+01 1.166000000000000017e-04 3.599956000000000245e+01 8.660000000000000519e-07 3.599956000000000245e+01 1.627999999999999998e-05
3.699904999999999688e+01 1.197749999999999976e-04 3.699904999999999688e+01 8.260000000000000113e-07 3.699904999999999688e+01 1.701999999999999967e-05
3.799980999999999653e+01 1.227400000000000073e-04 3.799980999999999653e+01 5.750000000000000004e-07 3.799980999999999653e+01 1.759700000000000110e-05
3.899929999999999808e+01 1.260199999999999894e-04 3.899929999999999808e+01 6.409999999999999826e-07 3.899929999999999808e+01 1.812500000000000011e-05
4.000005999999999773e+01 1.289250000000000031e-04 4.000005999999999773e+01 3.309999999999999861e-07 4.000005999999999773e+01 1.839100000000000061e-05
4.099828000000000117e+01 1.317450000000000066e-04 4.099828000000000117e+01 -6.199999999999999931e-08 4.099828000000000117e+01 1.833499999999999979e-05
4.200030999999999892e+01 1.349099999999999941e-04 4.200030999999999892e+01 -1.130000000000000060e-07 4.200030999999999892e+01 1.819000000000000033e-05
4.299853000000000236e+01 1.381800000000000085e-04 4.299853000000000236e+01 -5.599999999999999852e-08 4.299853000000000236e+01 1.797299999999999885e-05
4.399992499999999751e+01 1.407950000000000098e-04 4.399992499999999751e+01 -6.579999999999999893e-07 4.399992499999999751e+01 1.745500000000000144e-05
4.499814500000000095e+01 1.445499999999999899e-04 4.499814500000000095e+01 -1.149999999999999974e-07 4.499814500000000095e+01 1.710400000000000090e-05
4.599826999999999799e+01 1.471950000000000027e-04 4.599826999999999799e+01 -6.859999999999999753e-07 4.599826999999999799e+01 1.643699999999999865e-05
4.699839500000000214e+01 1.502549999999999903e-04 4.699839500000000214e+01 -8.409999999999999736e-07 4.699839500000000214e+01 1.557400000000000031e-05
4.799851999999999919e+01 1.534849999999999984e-04 4.799851999999999919e+01 -8.250000000000000421e-07 4.799851999999999919e+01 1.468899999999999946e-05
4.899864500000000334e+01 1.566650000000000052e-04 4.899864500000000334e+01 -8.609999999999999939e-07 4.899864500000000334e+01 1.375600000000000009e-05
4.999940500000000299e+01 1.597149999999999980e-04 4.999940500000000299e+01 -1.024000000000000064e-06 4.999940500000000299e+01 1.274599999999999960e-05
5.100016500000000264e+01 1.631550000000000058e-04 5.100016500000000264e+01 -8.029999999999999774e-07 5.100016500000000264e+01 1.180199999999999983e-05
5.199902000000000157e+01 1.660499999999999975e-04 5.199902000000000157e+01 -1.120000000000000076e-06 5.199902000000000157e+01 1.074899999999999991e-05
5.300041499999999672e+01 1.696550000000000011e-04 5.300041499999999672e+01 -7.330000000000000124e-07 5.300041499999999672e+01 9.853999999999999167e-06
5.399927000000000277e+01 1.725850000000000019e-04 5.399927000000000277e+01 -1.016999999999999961e-06 5.399927000000000277e+01 8.842999999999999868e-06
5.499939499999999981e+01 1.758599999999999866e-04 5.499939499999999981e+01 -9.579999999999999757e-07 5.499939499999999981e+01 7.812000000000000760e-06
5.599888500000000136e+01 1.789949999999999896e-04 5.599888500000000136e+01 -1.035000000000000043e-06 5.599888500000000136e+01 6.717000000000000233e-06
5.699900999999999840e+01 1.820749999999999940e-04 5.699900999999999840e+01 -1.170000000000000021e-06 5.699900999999999840e+01 5.511000000000000260e-06
5.799786499999999734e+01 1.852450000000000060e-04 5.799786499999999734e+01 -1.213000000000000075e-06 5.799786499999999734e+01 4.254000000000000267e-06
5.899672000000000338e+01 1.884499999999999999e-04 5.899672000000000338e+01 -1.219999999999999966e-06 5.899672000000000338e+01 3.034000000000000089e-06
5.999811499999999853e+01 1.919649999999999959e-04 5.999811499999999853e+01 -9.239999999999999624e-07 5.999811499999999853e+01 2.014000000000000114e-06
6.099760500000000008e+01 1.952049999999999987e-04 6.099760500000000008e+01 -8.980000000000000208e-07 6.099760500000000008e+01 1.080999999999999899e-06
6.199900000000000233e+01 1.985400000000000066e-04 6.199900000000000233e+01 -7.789999999999999743e-07 6.199900000000000233e+01 2.390000000000000093e-07
6.300166500000000269e+01 2.018049999999999965e-04 6.300166500000000269e+01 -7.309999999999999680e-07 6.300166500000000269e+01 -5.349999999999999599e-07
6.399925000000000352e+01 2.051099999999999928e-04 6.399925000000000352e+01 -6.379999999999999690e-07 6.399925000000000352e+01 -1.303000000000000061e-06
6.499937500000000057e+01 2.079449999999999886e-04 6.499937500000000057e+01 -1.018999999999999900e-06 6.499937500000000057e+01 -2.223999999999999798e-06
6.600013500000000022e+01 2.116750000000000088e-04 6.600013500000000022e+01 -5.039999999999999603e-07 6.600013500000000022e+01 -2.893000000000000084e-06
6.699962499999999466e+01 2.147150000000000068e-04 6.699962499999999466e+01 -6.799999999999999481e-07 6.699962499999999466e+01 -3.640999999999999953e-06
6.799975000000000591e+01 2.176500000000000049e-04 6.799975000000000591e+01 -9.599999999999999142e-07 6.799975000000000591e+01 -4.539999999999999731e-06
6.899924000000000035e+01 2.212600000000000059e-04 6.899924000000000035e+01 -5.649999999999999903e-07 6.899924000000000035e+01 -5.222000000000000147e-06
7.000063500000000261e+01 2.244749999999999946e-04 7.000063500000000261e+01 -5.689999999999999732e-07 7.000063500000000261e+01 -5.817000000000000379e-06
7.099948999999999444e+01 2.278299999999999922e-04 7.099948999999999444e+01 -4.230000000000000158e-07 7.099948999999999444e+01 -6.272000000000000258e-06
7.199898000000000309e+01 2.313050000000000089e-04 7.199898000000000309e+01 -1.640000000000000127e-07 7.199898000000000309e+01 -6.561000000000000371e-06
7.300037500000000534e+01 2.343400000000000094e-04 7.300037500000000534e+01 -3.510000000000000064e-07 7.300037500000000534e+01 -6.980000000000000086e-06
7.400050000000000239e+01 2.372549999999999909e-04 7.400050000000000239e+01 -6.439999999999999963e-07 7.400050000000000239e+01 -7.600999999999999731e-06
7.499998999999999683e+01 2.406150000000000129e-04 7.499998999999999683e+01 -4.990000000000000081e-07 7.499998999999999683e+01 -8.145000000000000791e-06
7.599630500000000666e+01 2.440049999999999923e-04 7.599630500000000666e+01 -3.180000000000000153e-07 7.599630500000000666e+01 -8.600000000000000670e-06
7.699960500000000252e+01 2.468899999999999892e-04 7.699960500000000252e+01 -6.530000000000000372e-07 7.699960500000000252e+01 -9.219999999999999816e-06
7.799972999999999956e+01 2.502550000000000087e-04 7.799972999999999956e+01 -5.029999999999999910e-07 7.799972999999999956e+01 -9.710000000000000206e-06
7.899921999999999400e+01 2.539899999999999992e-04 7.899921999999999400e+01 1.700000000000000002e-08 7.899921999999999400e+01 -9.830000000000000752e-06
7.999934500000000526e+01 2.572499999999999917e-04 7.999934500000000526e+01 6.199999999999999931e-08 7.999934500000000526e+01 -9.840000000000000656e-06
8.099947000000000230e+01 2.603649999999999780e-04 8.099947000000000230e+01 -3.700000000000000044e-08 8.099947000000000230e+01 -9.900000000000000081e-06
8.199959499999999935e+01 2.636399999999999898e-04 8.199959499999999935e+01 2.300000000000000081e-08 8.199959499999999935e+01 -9.939999999999999698e-06
8.299971999999999639e+01 2.668649999999999733e-04 8.299971999999999639e+01 3.200000000000000199e-08 8.299971999999999639e+01 -9.979999999999999315e-06
8.399984499999999343e+01 2.699700000000000190e-04 8.399984499999999343e+01 -7.499999999999999661e-08 8.399984499999999343e+01 -1.009999999999999986e-05
8.499997000000000469e+01 2.733249999999999894e-04 8.499997000000000469e+01 6.199999999999999931e-08 8.499997000000000469e+01 -1.000000000000000082e-05
8.599945999999999913e+01 2.767949999999999816e-04 8.599945999999999913e+01 3.139999999999999794e-07 8.599945999999999913e+01 -9.779999999999999536e-06
8.700021999999999878e+01 2.801999999999999803e-04 8.700021999999999878e+01 5.080000000000000490e-07 8.700021999999999878e+01 -9.429999999999999499e-06
8.799844000000000221e+01 2.829700000000000097e-04 8.799844000000000221e+01 6.499999999999999971e-08 8.799844000000000221e+01 -9.370000000000000074e-06
8.900047000000000708e+01 2.860149999999999780e-04 8.900047000000000708e+01 -1.080000000000000009e-07 8.900047000000000708e+01 -9.449999999999999308e-06
9.000059500000000412e+01 2.894950000000000192e-04 9.000059500000000412e+01 1.569999999999999897e-07 9.000059500000000412e+01 -9.399999999999999786e-06
9.099754500000000235e+01 2.926350000000000197e-04 9.099754500000000235e+01 8.799999999999999390e-08 9.099754500000000235e+01 -9.350000000000000265e-06
9.199830500000000200e+01 2.958449999999999839e-04 9.199830500000000200e+01 8.099999999999999739e-08 9.199830500000000200e+01 -9.340000000000000361e-06
9.299970000000000425e+01 2.989350000000000102e-04 9.299970000000000425e+01 -4.499999999999999929e-08 9.299970000000000425e+01 -9.419999999999999595e-06
9.399982500000000130e+01 3.021449999999999744e-04 9.399982500000000130e+01 -5.200000000000000241e-08 9.399982500000000130e+01 -9.609999999999999470e-06
9.499994999999999834e+01 3.047899999999999872e-04 9.499994999999999834e+01 -6.209999999999999624e-07 9.499994999999999834e+01 -1.020000000000000060e-05
9.599944000000000699e+01 3.078800000000000135e-04 9.599944000000000699e+01 -7.449999999999999610e-07 9.599944000000000699e+01 -1.090000000000000067e-05
9.699956500000000403e+01 3.113999999999999798e-04 9.699956500000000403e+01 -4.400000000000000224e-07 9.699956500000000403e+01 -1.150000000000000001e-05
9.800032500000000368e+01 3.145099999999999957e-04 9.800032500000000368e+01 -5.460000000000000452e-07 9.800032500000000368e+01 -1.209999999999999935e-05
9.900045000000000073e+01 3.177650000000000179e-04 9.900045000000000073e+01 -5.069999999999999739e-07 9.900045000000000073e+01 -1.259999999999999964e-05
9.999993999999999517e+01 3.213600000000000267e-04 9.999993999999999517e+01 -1.230000000000000029e-07 9.999993999999999517e+01 -1.279999999999999942e-05
1.010013349999999974e+02 3.244100000000000195e-04 1.010013349999999974e+02 -2.909999999999999985e-07 1.010013349999999974e+02 -1.309999999999999994e-05
1.020001900000000035e+02 3.281049999999999765e-04 1.020001900000000035e+02 1.879999999999999894e-07 1.020001900000000035e+02 -1.309999999999999994e-05
1.029996799999999979e+02 3.310400000000000018e-04 1.029996799999999979e+02 -8.999999999999999857e-08 1.029996799999999979e+02 -1.309999999999999994e-05
1.039998049999999949e+02 3.345949999999999771e-04 1.039998049999999949e+02 2.510000000000000109e-07 1.039998049999999949e+02 -1.290000000000000016e-05
1.050037399999999934e+02 3.378300000000000096e-04 1.050037399999999934e+02 2.660000000000000261e-07 1.050037399999999934e+02 -1.270000000000000038e-05
1.060013249999999942e+02 3.410999999999999970e-04 1.060013249999999942e+02 3.250000000000000118e-07 1.060013249999999942e+02 -1.250000000000000060e-05
1.070014500000000055e+02 3.441149999999999808e-04 1.070014500000000055e+02 1.230000000000000029e-07 1.070014500000000055e+02 -1.230000000000000082e-05
1.079996699999999947e+02 3.476250000000000065e-04 1.079996699999999947e+02 4.230000000000000158e-07 1.079996699999999947e+02 -1.200000000000000030e-05
1.089997950000000060e+02 3.507499999999999876e-04 1.089997950000000060e+02 3.320000000000000083e-07 1.089997950000000060e+02 -1.169999999999999979e-05
1.099999200000000030e+02 3.540749999999999735e-04 1.099999200000000030e+02 4.390000000000000003e-07 1.099999200000000030e+02 -1.130000000000000023e-05
1.109994099999999975e+02 3.575949999999999940e-04 1.109994099999999975e+02 7.460000000000000361e-07 1.109994099999999975e+02 -1.069999999999999920e-05
1.119995349999999945e+02 3.605050000000000051e-04 1.119995349999999945e+02 4.420000000000000139e-07 1.119995349999999945e+02 -1.020000000000000060e-05
1.130002949999999942e+02 3.640650000000000049e-04 1.130002949999999942e+02 7.859999999999999708e-07 1.130002949999999942e+02 -9.520000000000000332e-06
1.139997850000000028e+02 3.672950000000000130e-04 1.139997850000000028e+02 8.010000000000000389e-07 1.139997850000000028e+02 -8.790000000000000545e-06
1.150005450000000025e+02 3.704199999999999941e-04 1.150005450000000025e+02 7.109999999999999477e-07 1.150005450000000025e+02 -8.039999999999999255e-06
1.159993999999999943e+02 3.740700000000000015e-04 1.159993999999999943e+02 1.146999999999999987e-06 1.159993999999999943e+02 -6.989999999999999991e-06
1.169995250000000055e+02 3.774200000000000016e-04 1.169995250000000055e+02 1.283000000000000040e-06 1.169995250000000055e+02 -5.800000000000000373e-06
1.179996500000000026e+02 3.805449999999999827e-04 1.179996500000000026e+02 1.193000000000000055e-06 1.179996500000000026e+02 -4.600000000000000004e-06
1.189997749999999996e+02 3.840000000000000097e-04 1.189997749999999996e+02 1.430999999999999936e-06 1.189997749999999996e+02 -3.239999999999999896e-06
1.200005349999999993e+02 3.873449999999999853e-04 1.200005349999999993e+02 1.562000000000000037e-06 1.200005349999999993e+02 -1.799999999999999919e-06
1.210000249999999937e+02 3.902500000000000261e-04 1.210000249999999937e+02 1.253999999999999979e-06 1.210000249999999937e+02 -5.649999999999999903e-07
1.219995150000000024e+02 3.933650000000000124e-04 1.219995150000000024e+02 1.154000000000000090e-06 1.219995150000000024e+02 6.339999999999999861e-07
1.229990049999999968e+02 3.970549999999999991e-04 1.229990049999999968e+02 1.630000000000000064e-06 1.229990049999999968e+02 2.120000000000000031e-06
1.239991299999999939e+02 4.001699999999999854e-04 1.239991299999999939e+02 1.531000000000000038e-06 1.239991299999999939e+02 3.570000000000000124e-06
1.249998899999999935e+02 4.031150000000000054e-04 1.249998899999999935e+02 1.260000000000000007e-06 1.249998899999999935e+02 4.819999999999999591e-06
1.259993800000000022e+02 4.062800000000000200e-04 1.259993800000000022e+02 1.210000000000000062e-06 1.259993800000000022e+02 6.039999999999999769e-06
1.270001400000000018e+02 4.098349999999999953e-04 1.270001400000000018e+02 1.548999999999999908e-06 1.270001400000000018e+02 7.459999999999999726e-06
1.279996299999999962e+02 4.129000000000000075e-04 1.279996299999999962e+02 1.396999999999999923e-06 1.279996299999999962e+02 8.810000000000000353e-06
1.289997549999999933e+02 4.159750000000000144e-04 1.289997549999999933e+02 1.256999999999999993e-06 1.289997549999999933e+02 1.009999999999999986e-05
1.299998799999999903e+02 4.194949999999999807e-04 1.299998799999999903e+02 1.562999999999999901e-06 1.299998799999999903e+02 1.150000000000000001e-05
1.310000049999999874e+02 4.226850000000000095e-04 1.310000049999999874e+02 1.537999999999999928e-06 1.310000049999999874e+02 1.299999999999999920e-05
1.319994949999999960e+02 4.255500000000000168e-04 1.319994949999999960e+02 1.190000000000000041e-06 1.319994949999999960e+02 1.419999999999999957e-05
1.329977149999999995e+02 4.287750000000000003e-04 1.329977149999999995e+02 1.202999999999999959e-06 1.329977149999999995e+02 1.529999999999999920e-05
1.339984750000000133e+02 4.318650000000000266e-04 1.339984750000000133e+02 1.078000000000000097e-06 1.339984750000000133e+02 1.629999999999999979e-05
1.349986000000000104e+02 4.347250000000000094e-04 1.349986000000000104e+02 7.230000000000000022e-07 1.349986000000000104e+02 1.699999999999999987e-05
1.360006300000000010e+02 4.378350000000000254e-04 1.360006300000000010e+02 6.139999999999999659e-07 1.360006300000000010e+02 1.760000000000000090e-05
1.369994849999999929e+02 4.412950000000000227e-04 1.369994849999999929e+02 8.619999999999999631e-07 1.369994849999999929e+02 1.840000000000000001e-05
1.380002450000000067e+02 4.445650000000000101e-04 1.380002450000000067e+02 9.139999999999999523e-07 1.380002450000000067e+02 1.919999999999999913e-05
1.389997349999999869e+02 4.474750000000000212e-04 1.389997349999999869e+02 6.109999999999999522e-07 1.389997349999999869e+02 1.980000000000000016e-05
1.399985900000000072e+02 4.506900000000000099e-04 1.399985900000000072e+02 6.129999999999999966e-07 1.399985900000000072e+02 2.040000000000000119e-05
1.409999850000000094e+02 4.539599999999999972e-04 1.409999850000000094e+02 6.659999999999999550e-07 1.409999850000000094e+02 2.099999999999999884e-05
1.419994749999999897e+02 4.572050000000000246e-04 1.419994749999999897e+02 6.950000000000000162e-07 1.419994749999999897e+02 2.159999999999999987e-05
1.429995999999999867e+02 4.601750000000000046e-04 1.429995999999999867e+02 4.540000000000000155e-07 1.429995999999999867e+02 2.209999999999999847e-05
1.439990899999999954e+02 4.635999999999999930e-04 1.439990899999999954e+02 6.630000000000000473e-07 1.439990899999999954e+02 2.260000000000000046e-05
1.450004849999999976e+02 4.662749999999999903e-04 1.450004849999999976e+02 1.210000000000000115e-07 1.450004849999999976e+02 2.279999999999999854e-05
1.459999750000000063e+02 4.697500000000000070e-04 1.459999750000000063e+02 3.820000000000000060e-07 1.459999750000000063e+02 2.309999999999999906e-05
1.469956549999999993e+02 4.728949999999999777e-04 1.469956549999999993e+02 3.189999999999999845e-07 1.469956549999999993e+02 2.330000000000000053e-05
1.479995900000000120e+02 4.757750000000000043e-04 1.479995900000000120e+02 -2.300000000000000081e-08 1.479995900000000120e+02 2.330000000000000053e-05
1.490213050000000123e+02 4.792700000000000107e-04 1.490213050000000123e+02 2.220000000000000027e-07 1.490213050000000123e+02 2.339999999999999958e-05
1.499998400000000061e+02 4.822800000000000242e-04 1.499998400000000061e+02 5.400000000000000047e-08 1.499998400000000061e+02 2.339999999999999958e-05
1.509999650000000031e+02 4.852599999999999991e-04 1.509999650000000031e+02 -1.819999999999999886e-07 1.509999650000000031e+02 2.320000000000000149e-05
1.519994550000000118e+02 4.885550000000000006e-04 1.519994550000000118e+02 -1.029999999999999959e-07 1.519994550000000118e+02 2.300000000000000002e-05
1.529995800000000088e+02 4.915749999999999547e-04 1.529995800000000088e+02 -2.970000000000000257e-07 1.529995800000000088e+02 2.269999999999999950e-05
1.540003399999999942e+02 4.946049999999999579e-04 1.540003399999999942e+02 -4.820000000000000015e-07 1.540003399999999942e+02 2.220000000000000090e-05
1.549998300000000029e+02 4.978349999999999659e-04 1.549998300000000029e+02 -4.669999999999999863e-07 1.549998300000000029e+02 2.169999999999999891e-05
1.559999549999999999e+02 5.011150000000000023e-04 1.559999549999999999e+02 -3.979999999999999905e-07 1.559999549999999999e+02 2.110000000000000127e-05
1.570007150000000138e+02 5.039450000000000006e-04 1.570007150000000138e+02 -7.870000000000000459e-07 1.570007150000000138e+02 2.040000000000000119e-05
1.579995700000000056e+02 5.073150000000000446e-04 1.579995700000000056e+02 -6.309999999999999725e-07 1.579995700000000056e+02 1.959999999999999869e-05
1.589996950000000027e+02 5.101899999999999925e-04 1.589996950000000027e+02 -9.700000000000000302e-07 1.589996950000000027e+02 1.860000000000000149e-05
1.599991850000000113e+02 5.132000000000000060e-04 1.599991850000000113e+02 -1.173999999999999898e-06 1.599991850000000113e+02 1.739999999999999942e-05
1.609993100000000084e+02 5.164600000000000527e-04 1.609993100000000084e+02 -1.131000000000000056e-06 1.609993100000000084e+02 1.620000000000000075e-05
1.619994350000000054e+02 5.194050000000000186e-04 1.619994350000000054e+02 -1.399999999999999937e-06 1.619994350000000054e+02 1.480000000000000060e-05
1.629989250000000141e+02 5.228750000000000108e-04 1.629989250000000141e+02 -1.145000000000000049e-06 1.629989250000000141e+02 1.360000000000000023e-05
1.639952399999999955e+02 5.258899999999999946e-04 1.639952399999999955e+02 -1.335999999999999999e-06 1.639952399999999955e+02 1.220000000000000008e-05
1.649998099999999965e+02 5.290950000000000427e-04 1.649998099999999965e+02 -1.354999999999999944e-06 1.649998099999999965e+02 1.079999999999999993e-05
1.659993000000000052e+02 5.321399999999999568e-04 1.659993000000000052e+02 -1.523999999999999935e-06 1.659993000000000052e+02 9.219999999999999816e-06
1.669994250000000022e+02 5.352549999999999973e-04 1.669994250000000022e+02 -1.624000000000000037e-06 1.669994250000000022e+02 7.539999999999999807e-06
1.679982799999999941e+02 5.383000000000000198e-04 1.679982799999999941e+02 -1.791999999999999953e-06 1.679982799999999941e+02 5.769999999999999813e-06
1.689996749999999963e+02 5.418299999999999809e-04 1.689996749999999963e+02 -1.480000000000000018e-06 1.689996749999999963e+02 4.150000000000000077e-06
1.699997999999999934e+02 5.447849999999999958e-04 1.699997999999999934e+02 -1.738999999999999994e-06 1.699997999999999934e+02 2.309999999999999906e-06
1.709967499999999916e+02 5.474699999999999879e-04 1.709967499999999916e+02 -2.263999999999999838e-06 1.709967499999999916e+02 5.879999999999999713e-08
1.719994149999999991e+02 5.505300000000000298e-04 1.719994149999999991e+02 -2.424000000000000000e-06 1.719994149999999991e+02 -2.330000000000000138e-06
1.729995399999999961e+02 5.541100000000000192e-04 1.729995399999999961e+02 -2.059000000000000107e-06 1.729995399999999961e+02 -4.470000000000000401e-06
1.739990300000000047e+02 5.574650000000000438e-04 1.739990300000000047e+02 -1.917000000000000027e-06 1.739990300000000047e+02 -6.540000000000000064e-06
1.750004250000000070e+02 5.602499999999999841e-04 1.750004250000000070e+02 -2.349999999999999947e-06 1.750004250000000070e+02 -8.940000000000000802e-06
