-0.069875  -8.44466e-09 
-0.069745  -8.43224e-09 
-0.069615  -8.41877e-09 
-0.069485  -8.40417e-09 
-0.069355  -8.38842e-09 
-0.069225  -8.37148e-09 
-0.069095  -8.35333e-09 
-0.068965  -8.33395e-09 
-0.068835  -8.31335e-09 
-0.068705  -8.29156e-09 
-0.068575  -8.26865e-09 
-0.068445  -8.24465e-09 
-0.068315  -8.21969e-09 
-0.068185  -8.19383e-09 
-0.068055  -8.16723e-09 
-0.067925  -8.13997e-09 
-0.067795  -8.11222e-09 
-0.067665  -8.08406e-09 
-0.067535  -8.05562e-09 
-0.067405  -8.02701e-09 
-0.067275  -7.99833e-09 
-0.067145  -7.96965e-09 
-0.067015  -7.94103e-09 
-0.066885  -7.91251e-09 
-0.066755  -7.88414e-09 
-0.066625  -7.85594e-09 
-0.066495  -7.8279e-09 
-0.066365  -7.80003e-09 
-0.066235  -7.7723e-09 
-0.066105  -7.7447e-09 
-0.065975  -7.71718e-09 
-0.065845  -7.68973e-09 
-0.065715  -7.66231e-09 
-0.065585  -7.6349e-09 
-0.065455  -7.60749e-09 
-0.065325  -7.58005e-09 
-0.065195  -7.55258e-09 
-0.065065  -7.52507e-09 
-0.064935  -7.49755e-09 
-0.064805  -7.47006e-09 
-0.064675  -7.44259e-09 
-0.064545  -7.41524e-09 
-0.064415  -7.38797e-09 
-0.064285  -7.36087e-09 
-0.064155  -7.33397e-09 
-0.064025  -7.30725e-09 
-0.063895  -7.28078e-09 
-0.063765  -7.2545e-09 
-0.063635  -7.2284e-09 
-0.063505  -7.20244e-09 
-0.063375  -7.17655e-09 
-0.063245  -7.15066e-09 
-0.063115  -7.12468e-09 
-0.062985  -7.0985e-09 
-0.062855  -7.07204e-09 
-0.062725  -7.04516e-09 
-0.062595  -7.01778e-09 
-0.062465  -6.98981e-09 
-0.062335  -6.96113e-09 
-0.062205  -6.93167e-09 
-0.062075  -6.90139e-09 
-0.061945  -6.87024e-09 
-0.061815  -6.83821e-09 
-0.061685  -6.8053e-09 
-0.061555  -6.77154e-09 
-0.061425  -6.737e-09 
-0.061295  -6.70175e-09 
-0.061165  -6.66587e-09 
-0.061035  -6.62949e-09 
-0.060905  -6.5927e-09 
-0.060775  -6.55561e-09 
-0.060645  -6.51838e-09 
-0.060515  -6.48108e-09 
-0.060385  -6.4438e-09 
-0.060255  -6.40666e-09 
-0.060125  -6.36967e-09 
-0.059995  -6.3329e-09 
-0.059865  -6.29639e-09 
-0.059735  -6.26014e-09 
-0.059605  -6.22418e-09 
-0.059475  -6.18848e-09 
-0.059345  -6.1531e-09 
-0.059215  -6.11804e-09 
-0.059085  -6.08333e-09 
-0.058955  -6.04902e-09 
-0.058825  -6.01518e-09 
-0.058695  -5.98186e-09 
-0.058565  -5.94915e-09 
-0.058435  -5.91714e-09 
-0.058305  -5.8859e-09 
-0.058175  -5.85547e-09 
-0.058045  -5.82592e-09 
-0.057915  -5.79726e-09 
-0.057785  -5.76945e-09 
-0.057655  -5.74252e-09 
-0.057525  -5.7164e-09 
-0.057395  -5.69099e-09 
-0.057265  -5.66623e-09 
-0.057135  -5.64203e-09 
-0.057005  -5.61827e-09 
-0.056875  -5.59484e-09 
-0.056745  -5.57171e-09 
-0.056615  -5.54874e-09 
-0.056485  -5.52589e-09 
-0.056355  -5.50314e-09 
-0.056225  -5.48045e-09 
-0.056095  -5.45783e-09 
-0.055965  -5.43526e-09 
-0.055835  -5.4128e-09 
-0.055705  -5.39051e-09 
-0.055575  -5.36843e-09 
-0.055445  -5.34664e-09 
-0.055315  -5.32519e-09 
-0.055185  -5.30416e-09 
-0.055055  -5.2836e-09 
-0.054925  -5.2636e-09 
-0.054795  -5.24418e-09 
-0.054665  -5.22535e-09 
-0.054535  -5.20721e-09 
-0.054405  -5.18973e-09 
-0.054275  -5.17291e-09 
-0.054145  -5.15675e-09 
-0.054015  -5.14124e-09 
-0.053885  -5.1263e-09 
-0.053755  -5.11193e-09 
-0.053625  -5.09805e-09 
-0.053495  -5.08457e-09 
-0.053365  -5.0714e-09 
-0.053235  -5.05845e-09 
-0.053105  -5.04564e-09 
-0.052975  -5.0328e-09 
-0.052845  -5.0199e-09 
-0.052715  -5.00678e-09 
-0.052585  -4.99334e-09 
-0.052455  -4.97948e-09 
-0.052325  -4.96513e-09 
-0.052195  -4.95022e-09 
-0.052065  -4.93467e-09 
-0.051935  -4.91847e-09 
-0.051805  -4.90155e-09 
-0.051675  -4.88395e-09 
-0.051545  -4.86568e-09 
-0.051415  -4.84675e-09 
-0.051285  -4.8272e-09 
-0.051155  -4.80708e-09 
-0.051025  -4.78643e-09 
-0.050895  -4.76536e-09 
-0.050765  -4.7439e-09 
-0.050635  -4.72214e-09 
-0.050505  -4.70014e-09 
-0.050375  -4.67795e-09 
-0.050245  -4.65565e-09 
-0.050115  -4.63326e-09 
-0.049985  -4.6109e-09 
-0.049855  -4.58859e-09 
-0.049725  -4.56636e-09 
-0.049595  -4.54426e-09 
-0.049465  -4.52232e-09 
-0.049335  -4.50058e-09 
-0.049205  -4.47904e-09 
-0.049075  -4.45775e-09 
-0.048945  -4.43675e-09 
-0.048815  -4.41599e-09 
-0.048685  -4.39554e-09 
-0.048555  -4.37538e-09 
-0.048425  -4.3555e-09 
-0.048295  -4.33588e-09 
-0.048165  -4.31657e-09 
-0.048035  -4.29752e-09 
-0.047905  -4.27872e-09 
-0.047775  -4.26015e-09 
-0.047645  -4.24178e-09 
-0.047515  -4.22356e-09 
-0.047385  -4.20553e-09 
-0.047255  -4.18762e-09 
-0.047125  -4.16978e-09 
-0.046995  -4.152e-09 
-0.046865  -4.13423e-09 
-0.046735  -4.11645e-09 
-0.046605  -4.09856e-09 
-0.046475  -4.08062e-09 
-0.046345  -4.06256e-09 
-0.046215  -4.04434e-09 
-0.046085  -4.02594e-09 
-0.045955  -4.00736e-09 
-0.045825  -3.98857e-09 
-0.045695  -3.96954e-09 
-0.045565  -3.95031e-09 
-0.045435  -3.9309e-09 
-0.045305  -3.91125e-09 
-0.045175  -3.89142e-09 
-0.045045  -3.8714e-09 
-0.044915  -3.85122e-09 
-0.044785  -3.83084e-09 
-0.044655  -3.81036e-09 
-0.044525  -3.78975e-09 
-0.044395  -3.76902e-09 
-0.044265  -3.74819e-09 
-0.044135  -3.72726e-09 
-0.044005  -3.70622e-09 
-0.043875  -3.68515e-09 
-0.043745  -3.66399e-09 
-0.043615  -3.64277e-09 
-0.043485  -3.62148e-09 
-0.043355  -3.60014e-09 
-0.043225  -3.5787e-09 
-0.043095  -3.55715e-09 
-0.042965  -3.53554e-09 
-0.042835  -3.51381e-09 
-0.042705  -3.49194e-09 
-0.042575  -3.4699e-09 
-0.042445  -3.44769e-09 
-0.042315  -3.42526e-09 
-0.042185  -3.40258e-09 
-0.042055  -3.3797e-09 
-0.041925  -3.35653e-09 
-0.041795  -3.33311e-09 
-0.041665  -3.3094e-09 
-0.041535  -3.28544e-09 
-0.041405  -3.26122e-09 
-0.041275  -3.23679e-09 
-0.041145  -3.21218e-09 
-0.041015  -3.18741e-09 
-0.040885  -3.16253e-09 
-0.040755  -3.13759e-09 
-0.040625  -3.11264e-09 
-0.040495  -3.08767e-09 
-0.040365  -3.06283e-09 
-0.040235  -3.03811e-09 
-0.040105  -3.01355e-09 
-0.039975  -2.98915e-09 
-0.039845  -2.96498e-09 
-0.039715  -2.94099e-09 
-0.039585  -2.91719e-09 
-0.039455  -2.89362e-09 
-0.039325  -2.87024e-09 
-0.039195  -2.847e-09 
-0.039065  -2.82388e-09 
-0.038935  -2.80085e-09 
-0.038805  -2.77788e-09 
-0.038675  -2.75492e-09 
-0.038545  -2.732e-09 
-0.038415  -2.70909e-09 
-0.038285  -2.68617e-09 
-0.038155  -2.66323e-09 
-0.038025  -2.64034e-09 
-0.037895  -2.61745e-09 
-0.037765  -2.59468e-09 
-0.037635  -2.57204e-09 
-0.037505  -2.54963e-09 
-0.037375  -2.52746e-09 
-0.037245  -2.50561e-09 
-0.037115  -2.48417e-09 
-0.036985  -2.46317e-09 
-0.036855  -2.44271e-09 
-0.036725  -2.42285e-09 
-0.036595  -2.4036e-09 
-0.036465  -2.38499e-09 
-0.036335  -2.36705e-09 
-0.036205  -2.34977e-09 
-0.036075  -2.3331e-09 
-0.035945  -2.31704e-09 
-0.035815  -2.30154e-09 
-0.035685  -2.28652e-09 
-0.035555  -2.27192e-09 
-0.035425  -2.25764e-09 
-0.035295  -2.2436e-09 
-0.035165  -2.22968e-09 
-0.035035  -2.21586e-09 
-0.034905  -2.20208e-09 
-0.034775  -2.18817e-09 
-0.034645  -2.17416e-09 
-0.034515  -2.16006e-09 
-0.034385  -2.14572e-09 
-0.034255  -2.13127e-09 
-0.034125  -2.11659e-09 
-0.033995  -2.10184e-09 
-0.033865  -2.08689e-09 
-0.033735  -2.07187e-09 
-0.033605  -2.05688e-09 
-0.033475  -2.04184e-09 
-0.033345  -2.02689e-09 
-0.033215  -2.01199e-09 
-0.033085  -1.99719e-09 
-0.032955  -1.9826e-09 
-0.032825  -1.9681e-09 
-0.032695  -1.95383e-09 
-0.032565  -1.93963e-09 
-0.032435  -1.92564e-09 
-0.032305  -1.91167e-09 
-0.032175  -1.8978e-09 
-0.032045  -1.88403e-09 
-0.031915  -1.87021e-09 
-0.031785  -1.85644e-09 
-0.031655  -1.84257e-09 
-0.031525  -1.8287e-09 
-0.031395  -1.81472e-09 
-0.031265  -1.80067e-09 
-0.031135  -1.78664e-09 
-0.031005  -1.77253e-09 
-0.030875  -1.7585e-09 
-0.030745  -1.74442e-09 
-0.030615  -1.73045e-09 
-0.030485  -1.71648e-09 
-0.030355  -1.70259e-09 
-0.030225  -1.68883e-09 
-0.030095  -1.67508e-09 
-0.029965  -1.66142e-09 
-0.029835  -1.64771e-09 
-0.029705  -1.63401e-09 
-0.029575  -1.62016e-09 
-0.029445  -1.60619e-09 
-0.029315  -1.5921e-09 
-0.029185  -1.57774e-09 
-0.029055  -1.56319e-09 
-0.028925  -1.54829e-09 
-0.028795  -1.53316e-09 
-0.028665  -1.51767e-09 
-0.028535  -1.50189e-09 
-0.028405  -1.48592e-09 
-0.028275  -1.46966e-09 
-0.028145  -1.45334e-09 
-0.028015  -1.43687e-09 
-0.027885  -1.42049e-09 
-0.027755  -1.40416e-09 
-0.027625  -1.38809e-09 
-0.027495  -1.37242e-09 
-0.027365  -1.35716e-09 
-0.027235  -1.34254e-09 
-0.027105  -1.32851e-09 
-0.026975  -1.31527e-09 
-0.026845  -1.30275e-09 
-0.026715  -1.29101e-09 
-0.026585  -1.28012e-09 
-0.026455  -1.26991e-09 
-0.026325  -1.26041e-09 
-0.026195  -1.25143e-09 
-0.026065  -1.24294e-09 
-0.025935  -1.23489e-09 
-0.025805  -1.22704e-09 
-0.025675  -1.21941e-09 
-0.025545  -1.21184e-09 
-0.025415  -1.20438e-09 
-0.025285  -1.19685e-09 
-0.025155  -1.18933e-09 
-0.025025  -1.18187e-09 
-0.024895  -1.1744e-09 
-0.024765  -1.16706e-09 
-0.024635  -1.15976e-09 
-0.024505  -1.15266e-09 
-0.024375  -1.14566e-09 
-0.024245  -1.13882e-09 
-0.024115  -1.13222e-09 
-0.023985  -1.12569e-09 
-0.023855  -1.11928e-09 
-0.023725  -1.11281e-09 
-0.023595  -1.10631e-09 
-0.023465  -1.09954e-09 
-0.023335  -1.09243e-09 
-0.023205  -1.08493e-09 
-0.023075  -1.07676e-09 
-0.022945  -1.06793e-09 
-0.022815  -1.05818e-09 
-0.022685  -1.04751e-09 
-0.022555  -1.03568e-09 
-0.022425  -1.0227e-09 
-0.022295  -1.00852e-09 
-0.022165  -9.93008e-10 
-0.022035  -9.76251e-10 
-0.021905  -9.58147e-10 
-0.021775  -9.38863e-10 
-0.021645  -9.18356e-10 
-0.021515  -8.96802e-10 
-0.021385  -8.74403e-10 
-0.021255  -8.51232e-10 
-0.021125  -8.2761e-10 
-0.020995  -8.03645e-10 
-0.020865  -7.79704e-10 
-0.020735  -7.55942e-10 
-0.020605  -7.3269e-10 
-0.020475  -7.1026e-10 
-0.020345  -6.88803e-10 
-0.020215  -6.68648e-10 
-0.020085  -6.49902e-10 
-0.019955  -6.3284e-10 
-0.019825  -6.17485e-10 
-0.019695  -6.03981e-10 
-0.019565  -5.92426e-10 
-0.019435  -5.82711e-10 
-0.019305  -5.7492e-10 
-0.019175  -5.68842e-10 
-0.019045  -5.64419e-10 
-0.018915  -5.6157e-10 
-0.018785  -5.59987e-10 
-0.018655  -5.59613e-10 
-0.018525  -5.6007e-10 
-0.018395  -5.61298e-10 
-0.018265  -5.62938e-10 
-0.018135  -5.64836e-10 
-0.018005  -5.66833e-10 
-0.017875  -5.68588e-10 
-0.017745  -5.70057e-10 
-0.017615  -5.70929e-10 
-0.017485  -5.71216e-10 
-0.017355  -5.70633e-10 
-0.017225  -5.69185e-10 
-0.017095  -5.66862e-10 
-0.016965  -5.63527e-10 
-0.016835  -5.59291e-10 
-0.016705  -5.5406e-10 
-0.016575  -5.48016e-10 
-0.016445  -5.41106e-10 
-0.016315  -5.33509e-10 
-0.016185  -5.25409e-10 
-0.016055  -5.16792e-10 
-0.015925  -5.07937e-10 
-0.015795  -4.98869e-10 
-0.015665  -4.89867e-10 
-0.015535  -4.8094e-10 
-0.015405  -4.72288e-10 
-0.015275  -4.64082e-10 
-0.015145  -4.5633e-10 
-0.015015  -4.49244e-10 
-0.014885  -4.42743e-10 
-0.014755  -4.37026e-10 
-0.014625  -4.31981e-10 
-0.014495  -4.27692e-10 
-0.014365  -4.24187e-10 
-0.014235  -4.21317e-10 
-0.014105  -4.19162e-10 
-0.013975  -4.17526e-10 
-0.013845  -4.1646e-10 
-0.013715  -4.15736e-10 
-0.013585  -4.15347e-10 
-0.013455  -4.15258e-10 
-0.013325  -4.15234e-10 
-0.013195  -4.15323e-10 
-0.013065  -4.15315e-10 
-0.012935  -4.15187e-10 
-0.012805  -4.14926e-10 
-0.012675  -4.1436e-10 
-0.012545  -4.13582e-10 
-0.012415  -4.12426e-10 
-0.012285  -4.11006e-10 
-0.012155  -4.09218e-10 
-0.012025  -4.07135e-10 
-0.011895  -4.04887e-10 
-0.011765  -4.0237e-10 
-0.011635  -3.99821e-10 
-0.011505  -3.97143e-10 
-0.011375  -3.94583e-10 
-0.011245  -3.92094e-10 
-0.011115  -3.89794e-10 
-0.010985  -3.87824e-10 
-0.010855  -3.86095e-10 
-0.010725  -3.84794e-10 
-0.010595  -3.83772e-10 
-0.010465  -3.83164e-10 
-0.010335  -3.82806e-10 
-0.010205  -3.82713e-10 
-0.010075  -3.82898e-10 
-0.009945  -3.83142e-10 
-0.009815  -3.8352e-10 
-0.009685  -3.83829e-10 
-0.009555  -3.84097e-10 
-0.009425  -3.84167e-10 
-0.009295  -3.84039e-10 
-0.009165  -3.83762e-10 
-0.009035  -3.8314e-10 
-0.008905  -3.82328e-10 
-0.008775  -3.81198e-10 
-0.008645  -3.79885e-10 
-0.008515  -3.78288e-10 
-0.008385  -3.76498e-10 
-0.008255  -3.74605e-10 
-0.008125  -3.72528e-10 
-0.007995  -3.70398e-10 
-0.007865  -3.68121e-10 
-0.007735  -3.65824e-10 
-0.007605  -3.63386e-10 
-0.007475  -3.60868e-10 
-0.007345  -3.58312e-10 
-0.007215  -3.55552e-10 
-0.007085  -3.52686e-10 
-0.006955  -3.49547e-10 
-0.006825  -3.4619e-10 
-0.006695  -3.42462e-10 
-0.006565  -3.38337e-10 
-0.006435  -3.33868e-10 
-0.006305  -3.28821e-10 
-0.006175  -3.23323e-10 
-0.006045  -3.17151e-10 
-0.005915  -3.10369e-10 
-0.005785  -3.02981e-10 
-0.005655  -2.94861e-10 
-0.005525  -2.86097e-10 
-0.005395  -2.76577e-10 
-0.005265  -2.66426e-10 
-0.005135  -2.55565e-10 
-0.005005  -2.44082e-10 
-0.004875  -2.32128e-10 
-0.004745  -2.19658e-10 
-0.004615  -2.06865e-10 
-0.004485  -1.9377e-10 
-0.004355  -1.80603e-10 
-0.004225  -1.67364e-10 
-0.004095  -1.5425e-10 
-0.003965  -1.41461e-10 
-0.003835  -1.2896e-10 
-0.003705  -1.16986e-10 
-0.003575  -1.05498e-10 
-0.003445  -9.46679e-11 
-0.003315  -8.43995e-11 
-0.003185  -7.47935e-11 
-0.003055  -6.59067e-11 
-0.002925  -5.75654e-11 
-0.002795  -4.98723e-11 
-0.002665  -4.2616e-11 
-0.002535  -3.58875e-11 
-0.002405  -2.94607e-11 
-0.002275  -2.33132e-11 
-0.002145  -1.7454e-11 
-0.002015  -1.16415e-11 
-0.001885  -5.92701e-12 
-0.001755  -1.47286e-13 
-0.001625  5.67586e-12 
-0.001495  1.1697e-11 
-0.001365  1.79319e-11 
-0.001235  2.4325e-11 
-0.001105  3.10801e-11 
-0.000975  3.80566e-11 
-0.000845  4.54397e-11 
-0.000715  5.30765e-11 
-0.000585  6.11201e-11 
-0.000455  6.94957e-11 
-0.000325  7.81167e-11 
-0.000195  8.70981e-11 
-6.5e-05  9.6244e-11 
6.5e-05  1.05594e-10 
0.000195  1.15183e-10 
0.000325  1.24688e-10 
0.000455  1.34097e-10 
0.000585  1.43484e-10 
0.000715  1.52431e-10 
0.000845  1.60945e-10 
0.000975  1.68897e-10 
0.001105  1.76285e-10 
0.001235  1.8275e-10 
0.001365  1.88268e-10 
0.001495  1.92907e-10 
0.001625  1.96311e-10 
0.001755  1.98565e-10 
0.001885  1.99636e-10 
0.002015  1.99622e-10 
0.002145  1.98322e-10 
0.002275  1.95846e-10 
0.002405  1.92417e-10 
0.002535  1.87832e-10 
0.002665  1.82309e-10 
0.002795  1.75982e-10 
0.002925  1.69052e-10 
0.003055  1.61415e-10 
0.003185  1.53345e-10 
0.003315  1.45086e-10 
0.003445  1.36534e-10 
0.003575  1.2797e-10 
0.003705  1.19661e-10 
0.003835  1.1149e-10 
0.003965  1.0374e-10 
0.004095  9.65258e-11 
0.004225  9.01039e-11 
0.004355  8.43261e-11 
0.004485  7.94244e-11 
0.004615  7.55988e-11 
0.004745  7.26239e-11 
0.004875  7.07079e-11 
0.005005  6.98438e-11 
0.005135  7.0155e-11 
0.005265  7.13754e-11 
0.005395  7.35692e-11 
0.005525  7.68286e-11 
0.005655  8.08026e-11 
0.005785  8.55176e-11 
0.005915  9.08708e-11 
0.006045  9.68643e-11 
0.006175  1.03121e-10 
0.006305  1.09653e-10 
0.006435  1.16449e-10 
0.006565  1.23143e-10 
0.006695  1.29726e-10 
0.006825  1.3611e-10 
0.006955  1.42291e-10 
0.007085  1.47945e-10 
0.007215  1.53094e-10 
0.007345  1.57805e-10 
0.007475  1.61778e-10 
0.007605  1.6504e-10 
0.007735  1.67588e-10 
0.007865  1.69479e-10 
0.007995  1.70437e-10 
0.008125  1.70581e-10 
0.008255  1.69996e-10 
0.008385  1.68431e-10 
0.008515  1.66005e-10 
0.008645  1.62734e-10 
0.008775  1.58752e-10 
0.008905  1.53842e-10 
0.009035  1.48137e-10 
0.009165  1.41812e-10 
0.009295  1.34644e-10 
0.009425  1.26795e-10 
0.009555  1.18305e-10 
0.009685  1.0937e-10 
0.009815  9.97685e-11 
0.009945  8.9672e-11 
0.010075  7.93033e-11 
0.010205  6.84584e-11 
0.010335  5.73386e-11 
0.010465  4.60554e-11 
0.010595  3.4812e-11 
0.010725  2.34666e-11 
0.010855  1.22373e-11 
0.010985  1.37094e-12 
0.011115  -9.27276e-12 
0.011245  -1.94915e-11 
0.011375  -2.91609e-11 
0.011505  -3.80836e-11 
0.011635  -4.64584e-11 
0.011765  -5.40686e-11 
0.011895  -6.07794e-11 
0.012025  -6.68544e-11 
0.012155  -7.21277e-11 
0.012285  -7.66586e-11 
0.012415  -8.03444e-11 
0.012545  -8.35529e-11 
0.012675  -8.62065e-11 
0.012805  -8.83108e-11 
0.012935  -9.02211e-11 
0.013065  -9.19548e-11 
0.013195  -9.36282e-11 
0.013325  -9.52647e-11 
0.013455  -9.72293e-11 
0.013585  -9.95605e-11 
0.013715  -1.02212e-10 
0.013845  -1.05561e-10 
0.013975  -1.09556e-10 
0.014105  -1.14279e-10 
0.014235  -1.1964e-10 
0.014365  -1.25922e-10 
0.014495  -1.32998e-10 
0.014625  -1.40694e-10 
0.014755  -1.49255e-10 
0.014885  -1.58463e-10 
0.015015  -1.68214e-10 
0.015145  -1.78294e-10 
0.015275  -1.88813e-10 
0.015405  -1.9954e-10 
0.015535  -2.1018e-10 
0.015665  -2.20869e-10 
0.015795  -2.31335e-10 
0.015925  -2.4146e-10 
0.016055  -2.50992e-10 
0.016185  -2.60094e-10 
0.016315  -2.68571e-10 
0.016445  -2.76233e-10 
0.016575  -2.83297e-10 
0.016705  -2.89615e-10 
0.016835  -2.95083e-10 
0.016965  -2.9998e-10 
0.017095  -3.04237e-10 
0.017225  -3.07874e-10 
0.017355  -3.10906e-10 
0.017485  -3.1363e-10 
0.017615  -3.16049e-10 
0.017745  -3.18113e-10 
0.017875  -3.202e-10 
0.018005  -3.22315e-10 
0.018135  -3.24539e-10 
0.018265  -3.26852e-10 
0.018395  -3.29643e-10 
0.018525  -3.32868e-10 
0.018655  -3.36472e-10 
0.018785  -3.40808e-10 
0.018915  -3.45791e-10 
0.019045  -3.51494e-10 
0.019175  -3.57778e-10 
0.019305  -3.64942e-10 
0.019435  -3.72826e-10 
0.019565  -3.81254e-10 
0.019695  -3.90447e-10 
0.019825  -4.00175e-10 
0.019955  -4.10358e-10 
0.020085  -4.20757e-10 
0.020215  -4.31524e-10 
0.020345  -4.42396e-10 
0.020475  -4.53113e-10 
0.020605  -4.63807e-10 
0.020735  -4.74237e-10 
0.020865  -4.84267e-10 
0.020995  -4.93676e-10 
0.021125  -5.02588e-10 
0.021255  -5.10809e-10 
0.021385  -5.181e-10 
0.021515  -5.24675e-10 
0.021645  -5.30304e-10 
0.021775  -5.34968e-10 
0.021905  -5.3849e-10 
0.022035  -5.41118e-10 
0.022165  -5.42727e-10 
0.022295  -5.43238e-10 
0.022425  -5.42962e-10 
0.022555  -5.41881e-10 
0.022685  -5.40139e-10 
0.022815  -5.37774e-10 
0.022945  -5.35278e-10 
0.023075  -5.32787e-10 
0.023205  -5.3047e-10 
0.023335  -5.28861e-10 
0.023465  -5.2816e-10 
0.023595  -5.28661e-10 
0.023725  -5.30474e-10 
0.023855  -5.34096e-10 
0.023985  -5.39566e-10 
0.024115  -5.46823e-10 
0.024245  -5.5618e-10 
0.024375  -5.67493e-10 
0.024505  -5.80692e-10 
0.024635  -5.95518e-10 
0.024765  -6.12102e-10 
0.024895  -6.30178e-10 
0.025025  -6.49426e-10 
0.025155  -6.69941e-10 
0.025285  -6.91417e-10 
0.025415  -7.13707e-10 
0.025545  -7.36488e-10 
0.025675  -7.59897e-10 
0.025805  -7.83652e-10 
0.025935  -8.07509e-10 
0.026065  -8.31585e-10 
0.026195  -8.55668e-10 
0.026325  -8.79651e-10 
0.026455  -9.03332e-10 
0.026585  -9.26876e-10 
0.026715  -9.50097e-10 
0.026845  -9.72798e-10 
0.026975  -9.95194e-10 
0.027105  -1.01712e-09 
0.027235  -1.03849e-09 
0.027365  -1.05917e-09 
0.027495  -1.07934e-09 
0.027625  -1.0989e-09 
0.027755  -1.11765e-09 
0.027885  -1.13583e-09 
0.028015  -1.15331e-09 
0.028145  -1.17009e-09 
0.028275  -1.18601e-09 
0.028405  -1.20136e-09 
0.028535  -1.21603e-09 
0.028665  -1.2299e-09 
0.028795  -1.24325e-09 
0.028925  -1.25601e-09 
0.029055  -1.26819e-09 
0.029185  -1.27968e-09 
0.029315  -1.2908e-09 
0.029445  -1.30143e-09 
0.029575  -1.31146e-09 
0.029705  -1.3212e-09 
0.029835  -1.33053e-09 
0.029965  -1.33951e-09 
0.030095  -1.34804e-09 
0.030225  -1.35642e-09 
0.030355  -1.36462e-09 
0.030485  -1.37255e-09 
0.030615  -1.38055e-09 
0.030745  -1.38859e-09 
0.030875  -1.39662e-09 
0.031005  -1.40501e-09 
0.031135  -1.4137e-09 
0.031265  -1.42279e-09 
0.031395  -1.43221e-09 
0.031525  -1.44226e-09 
0.031655  -1.45287e-09 
0.031785  -1.46389e-09 
0.031915  -1.47558e-09 
0.032045  -1.48779e-09 
0.032175  -1.50045e-09 
0.032305  -1.51336e-09 
0.032435  -1.52668e-09 
0.032565  -1.54017e-09 
0.032695  -1.5536e-09 
0.032825  -1.56712e-09 
0.032955  -1.5805e-09 
0.033085  -1.59359e-09 
0.033215  -1.60619e-09 
0.033345  -1.61849e-09 
0.033475  -1.63026e-09 
0.033605  -1.64132e-09 
0.033735  -1.65192e-09 
0.033865  -1.66188e-09 
0.033995  -1.67121e-09 
0.034125  -1.6798e-09 
0.034255  -1.68792e-09 
0.034385  -1.69546e-09 
0.034515  -1.70234e-09 
0.034645  -1.70885e-09 
0.034775  -1.71493e-09 
0.034905  -1.72059e-09 
0.035035  -1.72576e-09 
0.035165  -1.73073e-09 
0.035295  -1.73541e-09 
0.035425  -1.73971e-09 
0.035555  -1.74391e-09 
0.035685  -1.74792e-09 
0.035815  -1.75178e-09 
0.035945  -1.75542e-09 
0.036075  -1.75915e-09 
0.036205  -1.7629e-09 
0.036335  -1.76661e-09 
0.036465  -1.77066e-09 
0.036595  -1.77498e-09 
0.036725  -1.77966e-09 
0.036855  -1.78469e-09 
0.036985  -1.79041e-09 
0.037115  -1.7968e-09 
0.037245  -1.80379e-09 
0.037375  -1.81168e-09 
0.037505  -1.82038e-09 
0.037635  -1.82992e-09 
0.037765  -1.84012e-09 
0.037895  -1.85125e-09 
0.038025  -1.86307e-09 
0.038155  -1.87543e-09 
0.038285  -1.88846e-09 
0.038415  -1.90195e-09 
0.038545  -1.9158e-09 
0.038675  -1.92976e-09 
0.038805  -1.94402e-09 
0.038935  -1.95835e-09 
0.039065  -1.97255e-09 
0.039195  -1.98682e-09 
0.039325  -2.00099e-09 
0.039455  -2.01503e-09 
0.039585  -2.02878e-09 
0.039715  -2.04254e-09 
0.039845  -2.05615e-09 
0.039975  -2.06954e-09 
0.040105  -2.08296e-09 
0.040235  -2.09638e-09 
0.040365  -2.10978e-09 
0.040495  -2.1231e-09 
0.040625  -2.13666e-09 
0.040755  -2.15037e-09 
0.040885  -2.16414e-09 
0.041015  -2.17828e-09 
0.041145  -2.1927e-09 
0.041275  -2.20745e-09 
0.041405  -2.22244e-09 
0.041535  -2.23794e-09 
0.041665  -2.25386e-09 
0.041795  -2.27009e-09 
0.041925  -2.28693e-09 
0.042055  -2.30427e-09 
0.042185  -2.32212e-09 
0.042315  -2.3404e-09 
0.042445  -2.35935e-09 
0.042575  -2.37891e-09 
0.042705  -2.39895e-09 
0.042835  -2.41973e-09 
0.042965  -2.44114e-09 
0.043095  -2.46318e-09 
0.043225  -2.48574e-09 
0.043355  -2.50904e-09 
0.043485  -2.53295e-09 
0.043615  -2.55728e-09 
0.043745  -2.58226e-09 
0.043875  -2.60771e-09 
0.044005  -2.63342e-09 
0.044135  -2.65962e-09 
0.044265  -2.68606e-09 
0.044395  -2.7127e-09 
0.044525  -2.73931e-09 
0.044655  -2.76611e-09 
0.044785  -2.79285e-09 
0.044915  -2.81936e-09 
0.045045  -2.84583e-09 
0.045175  -2.87206e-09 
0.045305  -2.89801e-09 
0.045435  -2.92349e-09 
0.045565  -2.94873e-09 
0.045695  -2.97356e-09 
0.045825  -2.99784e-09 
0.045955  -3.02179e-09 
0.046085  -3.04528e-09 
0.046215  -3.0683e-09 
0.046345  -3.0907e-09 
0.046475  -3.11279e-09 
0.046605  -3.1344e-09 
0.046735  -3.15546e-09 
0.046865  -3.17624e-09 
0.046995  -3.19666e-09 
0.047125  -3.21674e-09 
0.047255  -3.23642e-09 
0.047385  -3.256e-09 
0.047515  -3.27541e-09 
0.047645  -3.2946e-09 
0.047775  -3.31387e-09 
0.047905  -3.33315e-09 
0.048035  -3.35251e-09 
0.048165  -3.37188e-09 
0.048295  -3.39155e-09 
0.048425  -3.4114e-09 
0.048555  -3.43133e-09 
0.048685  -3.4516e-09 
0.048815  -3.47205e-09 
0.048945  -3.49263e-09 
0.049075  -3.51322e-09 
0.049205  -3.53398e-09 
0.049335  -3.55475e-09 
0.049465  -3.57532e-09 
0.049595  -3.5959e-09 
0.049725  -3.61633e-09 
0.049855  -3.63654e-09 
0.049985  -3.65639e-09 
0.050115  -3.6761e-09 
0.050245  -3.69554e-09 
0.050375  -3.7146e-09 
0.050505  -3.73352e-09 
0.050635  -3.75222e-09 
0.050765  -3.77073e-09 
0.050895  -3.78896e-09 
0.051025  -3.8072e-09 
0.051155  -3.82534e-09 
0.051285  -3.84334e-09 
0.051415  -3.86142e-09 
0.051545  -3.87952e-09 
0.051675  -3.89765e-09 
0.051805  -3.91569e-09 
0.051935  -3.9339e-09 
0.052065  -3.95214e-09 
0.052195  -3.97029e-09 
0.052325  -3.98859e-09 
0.052455  -4.0069e-09 
0.052585  -4.02521e-09 
0.052715  -4.04334e-09 
0.052845  -4.06158e-09 
0.052975  -4.07977e-09 
0.053105  -4.09777e-09 
0.053235  -4.11581e-09 
0.053365  -4.13378e-09 
0.053495  -4.15165e-09 
0.053625  -4.16928e-09 
0.053755  -4.18691e-09 
0.053885  -4.2044e-09 
0.054015  -4.2216e-09 
0.054145  -4.23877e-09 
0.054275  -4.25575e-09 
0.054405  -4.27253e-09 
0.054535  -4.28898e-09 
0.054665  -4.30535e-09 
0.054795  -4.32153e-09 
0.054925  -4.33743e-09 
0.055055  -4.35335e-09 
0.055185  -4.36921e-09 
0.055315  -4.38508e-09 
0.055445  -4.40094e-09 
0.055575  -4.41712e-09 
0.055705  -4.43362e-09 
0.055835  -4.45039e-09 
0.055965  -4.46783e-09 
0.056095  -4.48587e-09 
0.056225  -4.50463e-09 
0.056355  -4.52401e-09 
0.056485  -4.54435e-09 
0.056615  -4.56553e-09 
0.056745  -4.58742e-09 
0.056875  -4.61026e-09 
0.057005  -4.63388e-09 
0.057135  -4.65811e-09 
0.057265  -4.6831e-09 
0.057395  -4.70869e-09 
0.057525  -4.73479e-09 
0.057655  -4.7612e-09 
0.057785  -4.78811e-09 
0.057915  -4.81536e-09 
0.058045  -4.84274e-09 
0.058175  -4.87052e-09 
0.058305  -4.89851e-09 
0.058435  -4.92669e-09 
0.058565  -4.95493e-09 
0.058695  -4.98349e-09 
0.058825  -5.01221e-09 
0.058955  -5.04101e-09 
0.059085  -5.0701e-09 
0.059215  -5.0994e-09 
0.059345  -5.12888e-09 
0.059475  -5.15844e-09 
0.059605  -5.18834e-09 
0.059735  -5.21845e-09 
0.059865  -5.24865e-09 
0.059995  -5.2792e-09 
0.060125  -5.30997e-09 
0.060255  -5.34096e-09 
0.060385  -5.37204e-09 
0.060515  -5.40346e-09 
0.060645  -5.43508e-09 
0.060775  -5.46677e-09 
0.060905  -5.49877e-09 
0.061035  -5.53093e-09 
0.061165  -5.56324e-09 
0.061295  -5.59557e-09 
0.061425  -5.62814e-09 
0.061555  -5.6608e-09 
0.061685  -5.69341e-09 
0.061815  -5.72619e-09 
0.061945  -5.75899e-09 
0.062075  -5.79178e-09 
0.062205  -5.82442e-09 
0.062335  -5.85712e-09 
0.062465  -5.88974e-09 
0.062595  -5.92215e-09 
0.062725  -5.95456e-09 
0.062855  -5.98684e-09 
0.062985  -6.01897e-09 
0.063115  -6.05077e-09 
0.063245  -6.08249e-09 
0.063375  -6.11397e-09 
0.063505  -6.14502e-09 
0.063635  -6.17587e-09 
0.063765  -6.20631e-09 
0.063895  -6.2363e-09 
0.064025  -6.26563e-09 
0.064155  -6.29449e-09 
0.064285  -6.3227e-09 
0.064415  -6.35006e-09 
0.064545  -6.37677e-09 
0.064675  -6.40263e-09 
0.064805  -6.42766e-09 
0.064935  -6.45163e-09 
0.065065  -6.47482e-09 
0.065195  -6.49708e-09 
0.065325  -6.51826e-09 
0.065455  -6.53864e-09 
0.065585  -6.55808e-09 
0.065715  -6.5766e-09 
0.065845  -6.5941e-09 
0.065975  -6.61082e-09 
0.066105  -6.6267e-09 
0.066235  -6.6416e-09 
0.066365  -6.65583e-09 
0.066495  -6.66931e-09 
0.066625  -6.68209e-09 
0.066755  -6.69404e-09 
0.066885  -6.70554e-09 
0.067015  -6.71648e-09 
0.067145  -6.72678e-09 
0.067275  -6.73678e-09 
0.067405  -6.74641e-09 
0.067535  -6.75568e-09 
0.067665  -6.76452e-09 
0.067795  -6.77321e-09 
0.067925  -6.78164e-09 
0.068055  -6.78966e-09 
0.068185  -6.79753e-09 
0.068315  -6.80505e-09 
0.068445  -6.8122e-09 
0.068575  -6.81877e-09 
0.068705  -6.82494e-09 
0.068835  -6.83056e-09 
0.068965  -6.83536e-09 
0.069095  -6.83959e-09 
0.069225  -6.84303e-09 
0.069355  -6.84564e-09 
0.069485  -6.84728e-09 
0.069615  -6.84815e-09 
0.069745  -6.84817e-09 
0.069875  -6.84721e-09 
