-0.069875  1.52796e-07 
-0.069745  1.52295e-07 
-0.069615  1.51793e-07 
-0.069485  1.5129e-07 
-0.069355  1.50786e-07 
-0.069225  1.50281e-07 
-0.069095  1.49775e-07 
-0.068965  1.49268e-07 
-0.068835  1.4876e-07 
-0.068705  1.48251e-07 
-0.068575  1.4774e-07 
-0.068445  1.47229e-07 
-0.068315  1.46716e-07 
-0.068185  1.46203e-07 
-0.068055  1.45689e-07 
-0.067925  1.45174e-07 
-0.067795  1.4466e-07 
-0.067665  1.44146e-07 
-0.067535  1.43632e-07 
-0.067405  1.4312e-07 
-0.067275  1.42608e-07 
-0.067145  1.42098e-07 
-0.067015  1.41589e-07 
-0.066885  1.41083e-07 
-0.066755  1.40578e-07 
-0.066625  1.40075e-07 
-0.066495  1.39575e-07 
-0.066365  1.39076e-07 
-0.066235  1.38579e-07 
-0.066105  1.38084e-07 
-0.065975  1.3759e-07 
-0.065845  1.37098e-07 
-0.065715  1.36607e-07 
-0.065585  1.36117e-07 
-0.065455  1.35628e-07 
-0.065325  1.3514e-07 
-0.065195  1.34652e-07 
-0.065065  1.34164e-07 
-0.064935  1.33677e-07 
-0.064805  1.33191e-07 
-0.064675  1.32705e-07 
-0.064545  1.32219e-07 
-0.064415  1.31734e-07 
-0.064285  1.3125e-07 
-0.064155  1.30767e-07 
-0.064025  1.30286e-07 
-0.063895  1.29805e-07 
-0.063765  1.29327e-07 
-0.063635  1.2885e-07 
-0.063505  1.28375e-07 
-0.063375  1.27902e-07 
-0.063245  1.27431e-07 
-0.063115  1.26962e-07 
-0.062985  1.26494e-07 
-0.062855  1.26029e-07 
-0.062725  1.25566e-07 
-0.062595  1.25104e-07 
-0.062465  1.24643e-07 
-0.062335  1.24184e-07 
-0.062205  1.23726e-07 
-0.062075  1.23269e-07 
-0.061945  1.22812e-07 
-0.061815  1.22356e-07 
-0.061685  1.21901e-07 
-0.061555  1.21446e-07 
-0.061425  1.20991e-07 
-0.061295  1.20536e-07 
-0.061165  1.2008e-07 
-0.061035  1.19625e-07 
-0.060905  1.1917e-07 
-0.060775  1.18714e-07 
-0.060645  1.18257e-07 
-0.060515  1.17801e-07 
-0.060385  1.17344e-07 
-0.060255  1.16886e-07 
-0.060125  1.16428e-07 
-0.059995  1.15969e-07 
-0.059865  1.1551e-07 
-0.059735  1.1505e-07 
-0.059605  1.1459e-07 
-0.059475  1.14129e-07 
-0.059345  1.13668e-07 
-0.059215  1.13207e-07 
-0.059085  1.12746e-07 
-0.058955  1.12284e-07 
-0.058825  1.11823e-07 
-0.058695  1.11362e-07 
-0.058565  1.10901e-07 
-0.058435  1.10442e-07 
-0.058305  1.09983e-07 
-0.058175  1.09525e-07 
-0.058045  1.09069e-07 
-0.057915  1.08614e-07 
-0.057785  1.0816e-07 
-0.057655  1.07709e-07 
-0.057525  1.07259e-07 
-0.057395  1.06812e-07 
-0.057265  1.06366e-07 
-0.057135  1.05921e-07 
-0.057005  1.05478e-07 
-0.056875  1.05037e-07 
-0.056745  1.04597e-07 
-0.056615  1.04158e-07 
-0.056485  1.03719e-07 
-0.056355  1.03282e-07 
-0.056225  1.02845e-07 
-0.056095  1.02409e-07 
-0.055965  1.01973e-07 
-0.055835  1.01538e-07 
-0.055705  1.01103e-07 
-0.055575  1.00669e-07 
-0.055445  1.00236e-07 
-0.055315  9.98037e-08 
-0.055185  9.93726e-08 
-0.055055  9.89429e-08 
-0.054925  9.85147e-08 
-0.054795  9.80881e-08 
-0.054665  9.76634e-08 
-0.054535  9.72405e-08 
-0.054405  9.68197e-08 
-0.054275  9.64009e-08 
-0.054145  9.59842e-08 
-0.054015  9.55695e-08 
-0.053885  9.51569e-08 
-0.053755  9.47462e-08 
-0.053625  9.43374e-08 
-0.053495  9.39304e-08 
-0.053365  9.35251e-08 
-0.053235  9.31213e-08 
-0.053105  9.27189e-08 
-0.052975  9.23177e-08 
-0.052845  9.19177e-08 
-0.052715  9.15186e-08 
-0.052585  9.11204e-08 
-0.052455  9.07229e-08 
-0.052325  9.0326e-08 
-0.052195  8.99295e-08 
-0.052065  8.95334e-08 
-0.051935  8.91374e-08 
-0.051805  8.87417e-08 
-0.051675  8.83459e-08 
-0.051545  8.79501e-08 
-0.051415  8.75542e-08 
-0.051285  8.71582e-08 
-0.051155  8.67619e-08 
-0.051025  8.63656e-08 
-0.050895  8.5969e-08 
-0.050765  8.55724e-08 
-0.050635  8.51757e-08 
-0.050505  8.4779e-08 
-0.050375  8.43825e-08 
-0.050245  8.39863e-08 
-0.050115  8.35906e-08 
-0.049985  8.31954e-08 
-0.049855  8.28011e-08 
-0.049725  8.24076e-08 
-0.049595  8.20153e-08 
-0.049465  8.16243e-08 
-0.049335  8.12347e-08 
-0.049205  8.08466e-08 
-0.049075  8.04602e-08 
-0.048945  8.00754e-08 
-0.048815  7.96924e-08 
-0.048685  7.93111e-08 
-0.048555  7.89315e-08 
-0.048425  7.85536e-08 
-0.048295  7.81774e-08 
-0.048165  7.78027e-08 
-0.048035  7.74295e-08 
-0.047905  7.70575e-08 
-0.047775  7.66868e-08 
-0.047645  7.63172e-08 
-0.047515  7.59486e-08 
-0.047385  7.55808e-08 
-0.047255  7.52137e-08 
-0.047125  7.48472e-08 
-0.046995  7.44812e-08 
-0.046865  7.41156e-08 
-0.046735  7.37503e-08 
-0.046605  7.33852e-08 
-0.046475  7.30204e-08 
-0.046345  7.26557e-08 
-0.046215  7.22912e-08 
-0.046085  7.19268e-08 
-0.045955  7.15625e-08 
-0.045825  7.11985e-08 
-0.045695  7.08347e-08 
-0.045565  7.04711e-08 
-0.045435  7.01078e-08 
-0.045305  6.9745e-08 
-0.045175  6.93825e-08 
-0.045045  6.90205e-08 
-0.044915  6.86589e-08 
-0.044785  6.8298e-08 
-0.044655  6.79376e-08 
-0.044525  6.75777e-08 
-0.044395  6.72185e-08 
-0.044265  6.68599e-08 
-0.044135  6.65018e-08 
-0.044005  6.61444e-08 
-0.043875  6.57876e-08 
-0.043745  6.54314e-08 
-0.043615  6.50758e-08 
-0.043485  6.47208e-08 
-0.043355  6.43665e-08 
-0.043225  6.4013e-08 
-0.043095  6.36601e-08 
-0.042965  6.33081e-08 
-0.042835  6.29569e-08 
-0.042705  6.26066e-08 
-0.042575  6.22574e-08 
-0.042445  6.19092e-08 
-0.042315  6.15621e-08 
-0.042185  6.12164e-08 
-0.042055  6.08719e-08 
-0.041925  6.05287e-08 
-0.041795  6.0187e-08 
-0.041665  5.98468e-08 
-0.041535  5.95081e-08 
-0.041405  5.9171e-08 
-0.041275  5.88355e-08 
-0.041145  5.85016e-08 
-0.041015  5.81694e-08 
-0.040885  5.78387e-08 
-0.040755  5.75096e-08 
-0.040625  5.7182e-08 
-0.040495  5.6856e-08 
-0.040365  5.65314e-08 
-0.040235  5.62082e-08 
-0.040105  5.58863e-08 
-0.039975  5.55656e-08 
-0.039845  5.52462e-08 
-0.039715  5.49279e-08 
-0.039585  5.46107e-08 
-0.039455  5.42944e-08 
-0.039325  5.39792e-08 
-0.039195  5.36648e-08 
-0.039065  5.33514e-08 
-0.038935  5.30388e-08 
-0.038805  5.27271e-08 
-0.038675  5.24162e-08 
-0.038545  5.21061e-08 
-0.038415  5.17968e-08 
-0.038285  5.14884e-08 
-0.038155  5.11807e-08 
-0.038025  5.08738e-08 
-0.037895  5.05676e-08 
-0.037765  5.02623e-08 
-0.037635  4.99576e-08 
-0.037505  4.96537e-08 
-0.037375  4.93505e-08 
-0.037245  4.90479e-08 
-0.037115  4.8746e-08 
-0.036985  4.84448e-08 
-0.036855  4.81441e-08 
-0.036725  4.78441e-08 
-0.036595  4.75446e-08 
-0.036465  4.72456e-08 
-0.036335  4.69472e-08 
-0.036205  4.66494e-08 
-0.036075  4.63521e-08 
-0.035945  4.60554e-08 
-0.035815  4.57592e-08 
-0.035685  4.54636e-08 
-0.035555  4.51686e-08 
-0.035425  4.48743e-08 
-0.035295  4.45807e-08 
-0.035165  4.42879e-08 
-0.035035  4.39959e-08 
-0.034905  4.37049e-08 
-0.034775  4.34149e-08 
-0.034645  4.3126e-08 
-0.034515  4.28383e-08 
-0.034385  4.2552e-08 
-0.034255  4.2267e-08 
-0.034125  4.19837e-08 
-0.033995  4.17018e-08 
-0.033865  4.14217e-08 
-0.033735  4.11434e-08 
-0.033605  4.08668e-08 
-0.033475  4.0592e-08 
-0.033345  4.0319e-08 
-0.033215  4.00479e-08 
-0.033085  3.97784e-08 
-0.032955  3.95106e-08 
-0.032825  3.92444e-08 
-0.032695  3.89796e-08 
-0.032565  3.87161e-08 
-0.032435  3.84537e-08 
-0.032305  3.81924e-08 
-0.032175  3.79318e-08 
-0.032045  3.76718e-08 
-0.031915  3.74123e-08 
-0.031785  3.71531e-08 
-0.031655  3.6894e-08 
-0.031525  3.66351e-08 
-0.031395  3.63761e-08 
-0.031265  3.61171e-08 
-0.031135  3.5858e-08 
-0.031005  3.55989e-08 
-0.030875  3.53398e-08 
-0.030745  3.50809e-08 
-0.030615  3.48222e-08 
-0.030485  3.4564e-08 
-0.030355  3.43063e-08 
-0.030225  3.40492e-08 
-0.030095  3.37931e-08 
-0.029965  3.35379e-08 
-0.029835  3.32839e-08 
-0.029705  3.30311e-08 
-0.029575  3.27796e-08 
-0.029445  3.25295e-08 
-0.029315  3.22807e-08 
-0.029185  3.20334e-08 
-0.029055  3.17875e-08 
-0.028925  3.1543e-08 
-0.028795  3.12997e-08 
-0.028665  3.10578e-08 
-0.028535  3.08172e-08 
-0.028405  3.05776e-08 
-0.028275  3.03393e-08 
-0.028145  3.0102e-08 
-0.028015  2.98658e-08 
-0.027885  2.96306e-08 
-0.027755  2.93964e-08 
-0.027625  2.91633e-08 
-0.027495  2.89311e-08 
-0.027365  2.87e-08 
-0.027235  2.84699e-08 
-0.027105  2.82408e-08 
-0.026975  2.80128e-08 
-0.026845  2.77857e-08 
-0.026715  2.75596e-08 
-0.026585  2.73344e-08 
-0.026455  2.71102e-08 
-0.026325  2.68867e-08 
-0.026195  2.66641e-08 
-0.026065  2.64423e-08 
-0.025935  2.62211e-08 
-0.025805  2.60005e-08 
-0.025675  2.57806e-08 
-0.025545  2.55612e-08 
-0.025415  2.53424e-08 
-0.025285  2.51242e-08 
-0.025155  2.49066e-08 
-0.025025  2.46894e-08 
-0.024895  2.44729e-08 
-0.024765  2.42569e-08 
-0.024635  2.40417e-08 
-0.024505  2.38269e-08 
-0.024375  2.36129e-08 
-0.024245  2.33996e-08 
-0.024115  2.31868e-08 
-0.023985  2.29748e-08 
-0.023855  2.27634e-08 
-0.023725  2.25526e-08 
-0.023595  2.23423e-08 
-0.023465  2.21327e-08 
-0.023335  2.19237e-08 
-0.023205  2.17151e-08 
-0.023075  2.1507e-08 
-0.022945  2.12994e-08 
-0.022815  2.10923e-08 
-0.022685  2.08856e-08 
-0.022555  2.06794e-08 
-0.022425  2.04737e-08 
-0.022295  2.02684e-08 
-0.022165  2.00637e-08 
-0.022035  1.98594e-08 
-0.021905  1.96557e-08 
-0.021775  1.94525e-08 
-0.021645  1.92499e-08 
-0.021515  1.90478e-08 
-0.021385  1.88464e-08 
-0.021255  1.86455e-08 
-0.021125  1.84453e-08 
-0.020995  1.82457e-08 
-0.020865  1.80466e-08 
-0.020735  1.78483e-08 
-0.020605  1.76506e-08 
-0.020475  1.74536e-08 
-0.020345  1.72573e-08 
-0.020215  1.70616e-08 
-0.020085  1.68667e-08 
-0.019955  1.66725e-08 
-0.019825  1.64791e-08 
-0.019695  1.62865e-08 
-0.019565  1.60947e-08 
-0.019435  1.59038e-08 
-0.019305  1.57137e-08 
-0.019175  1.55245e-08 
-0.019045  1.53362e-08 
-0.018915  1.51488e-08 
-0.018785  1.49623e-08 
-0.018655  1.47767e-08 
-0.018525  1.45922e-08 
-0.018395  1.44085e-08 
-0.018265  1.42257e-08 
-0.018135  1.40439e-08 
-0.018005  1.3863e-08 
-0.017875  1.36831e-08 
-0.017745  1.35039e-08 
-0.017615  1.33257e-08 
-0.017485  1.31483e-08 
-0.017355  1.29718e-08 
-0.017225  1.27961e-08 
-0.017095  1.26211e-08 
-0.016965  1.2447e-08 
-0.016835  1.22735e-08 
-0.016705  1.21007e-08 
-0.016575  1.19286e-08 
-0.016445  1.17571e-08 
-0.016315  1.15863e-08 
-0.016185  1.14161e-08 
-0.016055  1.12465e-08 
-0.015925  1.10775e-08 
-0.015795  1.09092e-08 
-0.015665  1.07413e-08 
-0.015535  1.05742e-08 
-0.015405  1.04076e-08 
-0.015275  1.02416e-08 
-0.015145  1.00764e-08 
-0.015015  9.91176e-09 
-0.014885  9.74787e-09 
-0.014755  9.58467e-09 
-0.014625  9.42232e-09 
-0.014495  9.26078e-09 
-0.014365  9.10008e-09 
-0.014235  8.94035e-09 
-0.014105  8.78158e-09 
-0.013975  8.62391e-09 
-0.013845  8.46733e-09 
-0.013715  8.31203e-09 
-0.013585  8.158e-09 
-0.013455  8.00531e-09 
-0.013325  7.85409e-09 
-0.013195  7.70434e-09 
-0.013065  7.55622e-09 
-0.012935  7.40974e-09 
-0.012805  7.26493e-09 
-0.012675  7.12189e-09 
-0.012545  6.98061e-09 
-0.012415  6.84118e-09 
-0.012285  6.70353e-09 
-0.012155  6.56777e-09 
-0.012025  6.43384e-09 
-0.011895  6.30165e-09 
-0.011765  6.17129e-09 
-0.011635  6.04258e-09 
-0.011505  5.91558e-09 
-0.011375  5.7901e-09 
-0.011245  5.66613e-09 
-0.011115  5.54357e-09 
-0.010985  5.42223e-09 
-0.010855  5.30213e-09 
-0.010725  5.18306e-09 
-0.010595  5.06501e-09 
-0.010465  4.94778e-09 
-0.010335  4.8314e-09 
-0.010205  4.71572e-09 
-0.010075  4.60062e-09 
-0.009945  4.48614e-09 
-0.009815  4.37214e-09 
-0.009685  4.25866e-09 
-0.009555  4.1456e-09 
-0.009425  4.03305e-09 
-0.009295  3.92096e-09 
-0.009165  3.80933e-09 
-0.009035  3.69834e-09 
-0.008905  3.58792e-09 
-0.008775  3.47833e-09 
-0.008645  3.36953e-09 
-0.008515  3.26181e-09 
-0.008385  3.15521e-09 
-0.008255  3.04985e-09 
-0.008125  2.94599e-09 
-0.007995  2.84365e-09 
-0.007865  2.74306e-09 
-0.007735  2.64426e-09 
-0.007605  2.5474e-09 
-0.007475  2.45256e-09 
-0.007345  2.3597e-09 
-0.007215  2.26897e-09 
-0.007085  2.18029e-09 
-0.006955  2.09376e-09 
-0.006825  2.00926e-09 
-0.006695  1.92684e-09 
-0.006565  1.84647e-09 
-0.006435  1.768e-09 
-0.006305  1.69156e-09 
-0.006175  1.61697e-09 
-0.006045  1.54432e-09 
-0.005915  1.47354e-09 
-0.005785  1.40456e-09 
-0.005655  1.33751e-09 
-0.005525  1.27227e-09 
-0.005395  1.20898e-09 
-0.005265  1.14755e-09 
-0.005135  1.0881e-09 
-0.005005  1.03059e-09 
-0.004875  9.74972e-10 
-0.004745  9.2136e-10 
-0.004615  8.69617e-10 
-0.004485  8.19856e-10 
-0.004355  7.71872e-10 
-0.004225  7.25751e-10 
-0.004095  6.81365e-10 
-0.003965  6.38604e-10 
-0.003835  5.97475e-10 
-0.003705  5.57816e-10 
-0.003575  5.19652e-10 
-0.003445  4.82845e-10 
-0.003315  4.4742e-10 
-0.003185  4.13297e-10 
-0.003055  3.80402e-10 
-0.002925  3.48822e-10 
-0.002795  3.18432e-10 
-0.002665  2.89337e-10 
-0.002535  2.61471e-10 
-0.002405  2.34922e-10 
-0.002275  2.09683e-10 
-0.002145  1.85717e-10 
-0.002015  1.63171e-10 
-0.001885  1.4197e-10 
-0.001755  1.2221e-10 
-0.001625  1.0387e-10 
-0.001495  8.70549e-11 
-0.001365  7.18112e-11 
-0.001235  5.80217e-11 
-0.001105  4.5884e-11 
-0.000975  3.53205e-11 
-0.000845  2.64722e-11 
-0.000715  1.92054e-11 
-0.000585  1.36943e-11 
-0.000455  9.88845e-12 
-0.000325  7.72453e-12 
-0.000195  7.32838e-12 
-6.5e-05  8.56125e-12 
6.5e-05  1.14674e-11 
0.000195  1.61061e-11 
0.000325  2.22456e-11 
0.000455  2.98981e-11 
0.000585  3.91481e-11 
0.000715  4.97163e-11 
0.000845  6.1625e-11 
0.000975  7.48355e-11 
0.001105  8.93681e-11 
0.001235  1.05006e-10 
0.001365  1.2179e-10 
0.001495  1.39813e-10 
0.001625  1.5887e-10 
0.001755  1.79062e-10 
0.001885  2.00403e-10 
0.002015  2.23015e-10 
0.002145  2.46754e-10 
0.002275  2.71715e-10 
0.002405  2.98057e-10 
0.002535  3.25594e-10 
0.002665  3.54466e-10 
0.002795  3.84709e-10 
0.002925  4.16409e-10 
0.003055  4.49377e-10 
0.003185  4.83746e-10 
0.003315  5.19565e-10 
0.003445  5.56674e-10 
0.003575  5.95126e-10 
0.003705  6.35003e-10 
0.003835  6.76086e-10 
0.003965  7.1848e-10 
0.004095  7.62152e-10 
0.004225  8.07169e-10 
0.004355  8.53334e-10 
0.004485  9.00744e-10 
0.004615  9.49474e-10 
0.004745  9.99352e-10 
0.004875  1.05048e-09 
0.005005  1.10287e-09 
0.005135  1.15666e-09 
0.005265  1.21171e-09 
0.005395  1.26813e-09 
0.005525  1.32609e-09 
0.005655  1.38547e-09 
0.005785  1.44641e-09 
0.005915  1.50897e-09 
0.006045  1.57333e-09 
0.006175  1.63935e-09 
0.006305  1.70722e-09 
0.006435  1.77706e-09 
0.006565  1.84877e-09 
0.006695  1.92247e-09 
0.006825  1.9982e-09 
0.006955  2.07611e-09 
0.007085  2.15602e-09 
0.007215  2.23805e-09 
0.007345  2.32229e-09 
0.007475  2.40859e-09 
0.007605  2.49702e-09 
0.007735  2.58756e-09 
0.007865  2.68029e-09 
0.007995  2.77499e-09 
0.008125  2.87173e-09 
0.008255  2.97055e-09 
0.008385  3.07118e-09 
0.008515  3.17368e-09 
0.008645  3.27797e-09 
0.008775  3.38405e-09 
0.008905  3.49164e-09 
0.009035  3.60076e-09 
0.009165  3.71143e-09 
0.009295  3.82336e-09 
0.009425  3.93655e-09 
0.009555  4.05095e-09 
0.009685  4.16658e-09 
0.009815  4.28318e-09 
0.009945  4.40081e-09 
0.010075  4.51953e-09 
0.010205  4.63913e-09 
0.010335  4.75965e-09 
0.010465  4.88118e-09 
0.010595  5.00376e-09 
0.010725  5.12723e-09 
0.010855  5.25174e-09 
0.010985  5.37739e-09 
0.011115  5.50408e-09 
0.011245  5.63191e-09 
0.011375  5.76098e-09 
0.011505  5.89143e-09 
0.011635  6.02314e-09 
0.011765  6.15625e-09 
0.011895  6.29093e-09 
0.012025  6.42703e-09 
0.012155  6.56472e-09 
0.012285  6.70401e-09 
0.012415  6.84504e-09 
0.012545  6.98761e-09 
0.012675  7.13185e-09 
0.012805  7.27782e-09 
0.012935  7.42531e-09 
0.013065  7.57433e-09 
0.013195  7.72488e-09 
0.013325  7.87691e-09 
0.013455  8.03017e-09 
0.013585  8.18464e-09 
0.013715  8.34032e-09 
0.013845  8.49688e-09 
0.013975  8.65432e-09 
0.014105  8.81253e-09 
0.014235  8.9715e-09 
0.014365  9.13095e-09 
0.014495  9.29089e-09 
0.014625  9.45139e-09 
0.014755  9.61219e-09 
0.014885  9.7734e-09 
0.015015  9.93498e-09 
0.015145  1.00971e-08 
0.015275  1.02596e-08 
0.015405  1.04226e-08 
0.015535  1.05863e-08 
0.015665  1.07505e-08 
0.015795  1.09155e-08 
0.015925  1.10814e-08 
0.016055  1.12483e-08 
0.016185  1.14161e-08 
0.016315  1.15849e-08 
0.016445  1.1755e-08 
0.016575  1.19262e-08 
0.016705  1.20986e-08 
0.016835  1.22724e-08 
0.016965  1.24473e-08 
0.017095  1.26234e-08 
0.017225  1.28008e-08 
0.017355  1.29794e-08 
0.017485  1.31591e-08 
0.017615  1.33398e-08 
0.017745  1.35216e-08 
0.017875  1.37043e-08 
0.018005  1.38877e-08 
0.018135  1.4072e-08 
0.018265  1.4257e-08 
0.018395  1.44425e-08 
0.018525  1.46286e-08 
0.018655  1.48152e-08 
0.018785  1.50022e-08 
0.018915  1.51895e-08 
0.019045  1.53773e-08 
0.019175  1.55654e-08 
0.019305  1.57538e-08 
0.019435  1.59424e-08 
0.019565  1.61315e-08 
0.019695  1.63208e-08 
0.019825  1.65104e-08 
0.019955  1.67004e-08 
0.020085  1.68909e-08 
0.020215  1.70817e-08 
0.020345  1.7273e-08 
0.020475  1.74649e-08 
0.020605  1.76573e-08 
0.020735  1.78503e-08 
0.020865  1.8044e-08 
0.020995  1.82385e-08 
0.021125  1.84337e-08 
0.021255  1.86298e-08 
0.021385  1.88269e-08 
0.021515  1.90249e-08 
0.021645  1.9224e-08 
0.021775  1.94243e-08 
0.021905  1.96258e-08 
0.022035  1.98286e-08 
0.022165  2.00326e-08 
0.022295  2.02382e-08 
0.022425  2.04451e-08 
0.022555  2.06535e-08 
0.022685  2.08633e-08 
0.022815  2.10747e-08 
0.022945  2.12874e-08 
0.023075  2.15014e-08 
0.023205  2.17168e-08 
0.023335  2.19331e-08 
0.023465  2.21505e-08 
0.023595  2.23685e-08 
0.023725  2.25873e-08 
0.023855  2.28064e-08 
0.023985  2.30256e-08 
0.024115  2.32451e-08 
0.024245  2.34643e-08 
0.024375  2.36834e-08 
0.024505  2.39021e-08 
0.024635  2.41208e-08 
0.024765  2.4339e-08 
0.024895  2.45568e-08 
0.025025  2.47745e-08 
0.025155  2.49919e-08 
0.025285  2.5209e-08 
0.025415  2.54259e-08 
0.025545  2.56428e-08 
0.025675  2.58595e-08 
0.025805  2.60762e-08 
0.025935  2.6293e-08 
0.026065  2.65098e-08 
0.026195  2.67268e-08 
0.026325  2.6944e-08 
0.026455  2.71617e-08 
0.026585  2.73797e-08 
0.026715  2.75982e-08 
0.026845  2.78174e-08 
0.026975  2.80372e-08 
0.027105  2.82578e-08 
0.027235  2.84793e-08 
0.027365  2.87018e-08 
0.027495  2.89252e-08 
0.027625  2.91496e-08 
0.027755  2.93753e-08 
0.027885  2.9602e-08 
0.028015  2.98298e-08 
0.028145  3.00588e-08 
0.028275  3.0289e-08 
0.028405  3.05203e-08 
0.028535  3.07528e-08 
0.028665  3.09865e-08 
0.028795  3.12213e-08 
0.028925  3.14574e-08 
0.029055  3.16948e-08 
0.029185  3.19337e-08 
0.029315  3.21739e-08 
0.029445  3.24158e-08 
0.029575  3.26594e-08 
0.029705  3.29048e-08 
0.029835  3.31522e-08 
0.029965  3.34016e-08 
0.030095  3.36532e-08 
0.030225  3.39069e-08 
0.030355  3.41628e-08 
0.030485  3.4421e-08 
0.030615  3.46813e-08 
0.030745  3.49435e-08 
0.030875  3.52077e-08 
0.031005  3.54735e-08 
0.031135  3.57407e-08 
0.031265  3.60092e-08 
0.031395  3.62787e-08 
0.031525  3.65489e-08 
0.031655  3.68196e-08 
0.031785  3.70908e-08 
0.031915  3.7362e-08 
0.032045  3.76333e-08 
0.032175  3.79046e-08 
0.032305  3.81759e-08 
0.032435  3.8447e-08 
0.032565  3.87182e-08 
0.032695  3.89894e-08 
0.032825  3.92607e-08 
0.032955  3.95322e-08 
0.033085  3.9804e-08 
0.033215  4.00764e-08 
0.033345  4.03491e-08 
0.033475  4.06225e-08 
0.033605  4.08967e-08 
0.033735  4.11715e-08 
0.033865  4.14472e-08 
0.033995  4.17239e-08 
0.034125  4.20016e-08 
0.034255  4.22802e-08 
0.034385  4.256e-08 
0.034515  4.2841e-08 
0.034645  4.31231e-08 
0.034775  4.34066e-08 
0.034905  4.36914e-08 
0.035035  4.39778e-08 
0.035165  4.42656e-08 
0.035295  4.4555e-08 
0.035425  4.48461e-08 
0.035555  4.51388e-08 
0.035685  4.54333e-08 
0.035815  4.57294e-08 
0.035945  4.60273e-08 
0.036075  4.63268e-08 
0.036205  4.66279e-08 
0.036335  4.69306e-08 
0.036465  4.72345e-08 
0.036595  4.75397e-08 
0.036725  4.78461e-08 
0.036855  4.81535e-08 
0.036985  4.84617e-08 
0.037115  4.87705e-08 
0.037245  4.90799e-08 
0.037375  4.93896e-08 
0.037505  4.96997e-08 
0.037635  5.00099e-08 
0.037765  5.03203e-08 
0.037895  5.06307e-08 
0.038025  5.09413e-08 
0.038155  5.1252e-08 
0.038285  5.15627e-08 
0.038415  5.18736e-08 
0.038545  5.21847e-08 
0.038675  5.24963e-08 
0.038805  5.28083e-08 
0.038935  5.31208e-08 
0.039065  5.3434e-08 
0.039195  5.3748e-08 
0.039325  5.40629e-08 
0.039455  5.43788e-08 
0.039585  5.46959e-08 
0.039715  5.50142e-08 
0.039845  5.53337e-08 
0.039975  5.56548e-08 
0.040105  5.59772e-08 
0.040235  5.6301e-08 
0.040365  5.66264e-08 
0.040495  5.69534e-08 
0.040625  5.72817e-08 
0.040755  5.76115e-08 
0.040885  5.79428e-08 
0.041015  5.82754e-08 
0.041145  5.86093e-08 
0.041275  5.89444e-08 
0.041405  5.92807e-08 
0.041535  5.9618e-08 
0.041665  5.99563e-08 
0.041795  6.02956e-08 
0.041925  6.06356e-08 
0.042055  6.09763e-08 
0.042185  6.13177e-08 
0.042315  6.16598e-08 
0.042445  6.20023e-08 
0.042575  6.23453e-08 
0.042705  6.26887e-08 
0.042835  6.30325e-08 
0.042965  6.33765e-08 
0.043095  6.37208e-08 
0.043225  6.40654e-08 
0.043355  6.44101e-08 
0.043485  6.47551e-08 
0.043615  6.51004e-08 
0.043745  6.54458e-08 
0.043875  6.57915e-08 
0.044005  6.61376e-08 
0.044135  6.64839e-08 
0.044265  6.68307e-08 
0.044395  6.71779e-08 
0.044525  6.75257e-08 
0.044655  6.7874e-08 
0.044785  6.82229e-08 
0.044915  6.85726e-08 
0.045045  6.89229e-08 
0.045175  6.9274e-08 
0.045305  6.96259e-08 
0.045435  6.99789e-08 
0.045565  7.03327e-08 
0.045695  7.06875e-08 
0.045825  7.10435e-08 
0.045955  7.14007e-08 
0.046085  7.17591e-08 
0.046215  7.21189e-08 
0.046345  7.24803e-08 
0.046475  7.28431e-08 
0.046605  7.32076e-08 
0.046735  7.3574e-08 
0.046865  7.3942e-08 
0.046995  7.43119e-08 
0.047125  7.46837e-08 
0.047255  7.50574e-08 
0.047385  7.5433e-08 
0.047515  7.58104e-08 
0.047645  7.61898e-08 
0.047775  7.65707e-08 
0.047905  7.69533e-08 
0.048035  7.73374e-08 
0.048165  7.7723e-08 
0.048295  7.81098e-08 
0.048425  7.84977e-08 
0.048555  7.88867e-08 
0.048685  7.92764e-08 
0.048815  7.96669e-08 
0.048945  8.00581e-08 
0.049075  8.04498e-08 
0.049205  8.0842e-08 
0.049335  8.12345e-08 
0.049465  8.16274e-08 
0.049595  8.20206e-08 
0.049725  8.24139e-08 
0.049855  8.28075e-08 
0.049985  8.32014e-08 
0.050115  8.35954e-08 
0.050245  8.39896e-08 
0.050375  8.43841e-08 
0.050505  8.47788e-08 
0.050635  8.51736e-08 
0.050765  8.55688e-08 
0.050895  8.59643e-08 
0.051025  8.63601e-08 
0.051155  8.67564e-08 
0.051285  8.71531e-08 
0.051415  8.75503e-08 
0.051545  8.7948e-08 
0.051675  8.83463e-08 
0.051805  8.87453e-08 
0.051935  8.9145e-08 
0.052065  8.95453e-08 
0.052195  8.99466e-08 
0.052325  9.03485e-08 
0.052455  9.07513e-08 
0.052585  9.1155e-08 
0.052715  9.15597e-08 
0.052845  9.19653e-08 
0.052975  9.23718e-08 
0.053105  9.27795e-08 
0.053235  9.31881e-08 
0.053365  9.35979e-08 
0.053495  9.40088e-08 
0.053625  9.44211e-08 
0.053755  9.48346e-08 
0.053885  9.52494e-08 
0.054015  9.56658e-08 
0.054145  9.60834e-08 
0.054275  9.65026e-08 
0.054405  9.69233e-08 
0.054535  9.73456e-08 
0.054665  9.77694e-08 
0.054795  9.81947e-08 
0.054925  9.86216e-08 
0.055055  9.90498e-08 
0.055185  9.94794e-08 
0.055315  9.99103e-08 
0.055445  1.00342e-07 
0.055575  1.00776e-07 
0.055705  1.0121e-07 
0.055835  1.01644e-07 
0.055965  1.0208e-07 
0.056095  1.02516e-07 
0.056225  1.02952e-07 
0.056355  1.03388e-07 
0.056485  1.03824e-07 
0.056615  1.04261e-07 
0.056745  1.04697e-07 
0.056875  1.05134e-07 
0.057005  1.0557e-07 
0.057135  1.06006e-07 
0.057265  1.06442e-07 
0.057395  1.06879e-07 
0.057525  1.07315e-07 
0.057655  1.07752e-07 
0.057785  1.08189e-07 
0.057915  1.08628e-07 
0.058045  1.09066e-07 
0.058175  1.09506e-07 
0.058305  1.09947e-07 
0.058435  1.10388e-07 
0.058565  1.10831e-07 
0.058695  1.11275e-07 
0.058825  1.1172e-07 
0.058955  1.12166e-07 
0.059085  1.12614e-07 
0.059215  1.13063e-07 
0.059345  1.13512e-07 
0.059475  1.13964e-07 
0.059605  1.14416e-07 
0.059735  1.1487e-07 
0.059865  1.15325e-07 
0.059995  1.15781e-07 
0.060125  1.16238e-07 
0.060255  1.16696e-07 
0.060385  1.17156e-07 
0.060515  1.17617e-07 
0.060645  1.1808e-07 
0.060775  1.18543e-07 
0.060905  1.19009e-07 
0.061035  1.19475e-07 
0.061165  1.19943e-07 
0.061295  1.20412e-07 
0.061425  1.20882e-07 
0.061555  1.21354e-07 
0.061685  1.21826e-07 
0.061815  1.223e-07 
0.061945  1.22775e-07 
0.062075  1.23251e-07 
0.062205  1.23727e-07 
0.062335  1.24204e-07 
0.062465  1.24681e-07 
0.062595  1.25159e-07 
0.062725  1.25638e-07 
0.062855  1.26116e-07 
0.062985  1.26594e-07 
0.063115  1.27072e-07 
0.063245  1.27551e-07 
0.063375  1.28028e-07 
0.063505  1.28506e-07 
0.063635  1.28984e-07 
0.063765  1.29461e-07 
0.063895  1.29939e-07 
0.064025  1.30416e-07 
0.064155  1.30894e-07 
0.064285  1.31371e-07 
0.064415  1.31849e-07 
0.064545  1.32327e-07 
0.064675  1.32805e-07 
0.064805  1.33284e-07 
0.064935  1.33764e-07 
0.065065  1.34245e-07 
0.065195  1.34726e-07 
0.065325  1.35208e-07 
0.065455  1.35691e-07 
0.065585  1.36175e-07 
0.065715  1.36661e-07 
0.065845  1.37147e-07 
0.065975  1.37635e-07 
0.066105  1.38124e-07 
0.066235  1.38614e-07 
0.066365  1.39106e-07 
0.066495  1.39598e-07 
0.066625  1.40092e-07 
0.066755  1.40587e-07 
0.066885  1.41083e-07 
0.067015  1.4158e-07 
0.067145  1.42078e-07 
0.067275  1.42578e-07 
0.067405  1.43077e-07 
0.067535  1.43578e-07 
0.067665  1.4408e-07 
0.067795  1.44582e-07 
0.067925  1.45085e-07 
0.068055  1.45588e-07 
0.068185  1.46092e-07 
0.068315  1.46596e-07 
0.068445  1.47101e-07 
0.068575  1.47607e-07 
0.068705  1.48112e-07 
0.068835  1.48618e-07 
0.068965  1.49125e-07 
0.069095  1.49632e-07 
0.069225  1.5014e-07 
0.069355  1.50648e-07 
0.069485  1.51157e-07 
0.069615  1.51666e-07 
0.069745  1.52176e-07 
0.069875  1.52686e-07 
