-0.069875  4.77407e-08 
-0.069745  4.75519e-08 
-0.069615  4.73635e-08 
-0.069485  4.71756e-08 
-0.069355  4.69882e-08 
-0.069225  4.68012e-08 
-0.069095  4.66146e-08 
-0.068965  4.64284e-08 
-0.068835  4.62425e-08 
-0.068705  4.60569e-08 
-0.068575  4.58715e-08 
-0.068445  4.56864e-08 
-0.068315  4.55015e-08 
-0.068185  4.53169e-08 
-0.068055  4.51326e-08 
-0.067925  4.49487e-08 
-0.067795  4.47651e-08 
-0.067665  4.4582e-08 
-0.067535  4.43994e-08 
-0.067405  4.42175e-08 
-0.067275  4.40363e-08 
-0.067145  4.38559e-08 
-0.067015  4.36764e-08 
-0.066885  4.34978e-08 
-0.066755  4.33202e-08 
-0.066625  4.31436e-08 
-0.066495  4.2968e-08 
-0.066365  4.27934e-08 
-0.066235  4.26197e-08 
-0.066105  4.24471e-08 
-0.065975  4.22754e-08 
-0.065845  4.21045e-08 
-0.065715  4.19345e-08 
-0.065585  4.17653e-08 
-0.065455  4.15967e-08 
-0.065325  4.14289e-08 
-0.065195  4.12617e-08 
-0.065065  4.10951e-08 
-0.064935  4.09291e-08 
-0.064805  4.07637e-08 
-0.064675  4.0599e-08 
-0.064545  4.04349e-08 
-0.064415  4.02716e-08 
-0.064285  4.0109e-08 
-0.064155  3.99473e-08 
-0.064025  3.97865e-08 
-0.063895  3.96266e-08 
-0.063765  3.94678e-08 
-0.063635  3.93099e-08 
-0.063505  3.91532e-08 
-0.063375  3.89975e-08 
-0.063245  3.88429e-08 
-0.063115  3.86893e-08 
-0.062985  3.85368e-08 
-0.062855  3.83854e-08 
-0.062725  3.8235e-08 
-0.062595  3.80855e-08 
-0.062465  3.7937e-08 
-0.062335  3.77895e-08 
-0.062205  3.76428e-08 
-0.062075  3.74969e-08 
-0.061945  3.73519e-08 
-0.061815  3.72076e-08 
-0.061685  3.7064e-08 
-0.061555  3.6921e-08 
-0.061425  3.67786e-08 
-0.061295  3.66367e-08 
-0.061165  3.64952e-08 
-0.061035  3.63541e-08 
-0.060905  3.62133e-08 
-0.060775  3.60727e-08 
-0.060645  3.59322e-08 
-0.060515  3.57918e-08 
-0.060385  3.56514e-08 
-0.060255  3.55109e-08 
-0.060125  3.53703e-08 
-0.059995  3.52296e-08 
-0.059865  3.50887e-08 
-0.059735  3.49475e-08 
-0.059605  3.48062e-08 
-0.059475  3.46646e-08 
-0.059345  3.45228e-08 
-0.059215  3.43807e-08 
-0.059085  3.42385e-08 
-0.058955  3.40962e-08 
-0.058825  3.39537e-08 
-0.058695  3.38111e-08 
-0.058565  3.36684e-08 
-0.058435  3.35258e-08 
-0.058305  3.33832e-08 
-0.058175  3.32408e-08 
-0.058045  3.30986e-08 
-0.057915  3.29567e-08 
-0.057785  3.28151e-08 
-0.057655  3.26739e-08 
-0.057525  3.25331e-08 
-0.057395  3.23929e-08 
-0.057265  3.22531e-08 
-0.057135  3.21139e-08 
-0.057005  3.19751e-08 
-0.056875  3.18369e-08 
-0.056745  3.1699e-08 
-0.056615  3.15616e-08 
-0.056485  3.14246e-08 
-0.056355  3.12879e-08 
-0.056225  3.11514e-08 
-0.056095  3.10152e-08 
-0.055965  3.08793e-08 
-0.055835  3.07435e-08 
-0.055705  3.06079e-08 
-0.055575  3.04726e-08 
-0.055445  3.03375e-08 
-0.055315  3.02027e-08 
-0.055185  3.00682e-08 
-0.055055  2.99341e-08 
-0.054925  2.98004e-08 
-0.054795  2.96673e-08 
-0.054665  2.95347e-08 
-0.054535  2.94026e-08 
-0.054405  2.92712e-08 
-0.054275  2.91405e-08 
-0.054145  2.90105e-08 
-0.054015  2.88811e-08 
-0.053885  2.87526e-08 
-0.053755  2.86248e-08 
-0.053625  2.84977e-08 
-0.053495  2.83714e-08 
-0.053365  2.8246e-08 
-0.053235  2.81213e-08 
-0.053105  2.79974e-08 
-0.052975  2.78744e-08 
-0.052845  2.77522e-08 
-0.052715  2.76308e-08 
-0.052585  2.75102e-08 
-0.052455  2.73904e-08 
-0.052325  2.72713e-08 
-0.052195  2.7153e-08 
-0.052065  2.70354e-08 
-0.051935  2.69185e-08 
-0.051805  2.68022e-08 
-0.051675  2.66864e-08 
-0.051545  2.65711e-08 
-0.051415  2.64562e-08 
-0.051285  2.63417e-08 
-0.051155  2.62275e-08 
-0.051025  2.61135e-08 
-0.050895  2.59996e-08 
-0.050765  2.5886e-08 
-0.050635  2.57725e-08 
-0.050505  2.56592e-08 
-0.050375  2.55461e-08 
-0.050245  2.54332e-08 
-0.050115  2.53206e-08 
-0.049985  2.52084e-08 
-0.049855  2.50965e-08 
-0.049725  2.4985e-08 
-0.049595  2.48741e-08 
-0.049465  2.47638e-08 
-0.049335  2.46541e-08 
-0.049205  2.45452e-08 
-0.049075  2.44368e-08 
-0.048945  2.43292e-08 
-0.048815  2.42223e-08 
-0.048685  2.4116e-08 
-0.048555  2.40104e-08 
-0.048425  2.39053e-08 
-0.048295  2.38007e-08 
-0.048165  2.36966e-08 
-0.048035  2.35928e-08 
-0.047905  2.34892e-08 
-0.047775  2.33858e-08 
-0.047645  2.32826e-08 
-0.047515  2.31794e-08 
-0.047385  2.30761e-08 
-0.047255  2.29728e-08 
-0.047125  2.28694e-08 
-0.046995  2.27659e-08 
-0.046865  2.26622e-08 
-0.046735  2.25584e-08 
-0.046605  2.24546e-08 
-0.046475  2.23506e-08 
-0.046345  2.22465e-08 
-0.046215  2.21424e-08 
-0.046085  2.20382e-08 
-0.045955  2.19342e-08 
-0.045825  2.18302e-08 
-0.045695  2.17264e-08 
-0.045565  2.16227e-08 
-0.045435  2.15192e-08 
-0.045305  2.1416e-08 
-0.045175  2.13129e-08 
-0.045045  2.12102e-08 
-0.044915  2.11076e-08 
-0.044785  2.10053e-08 
-0.044655  2.09033e-08 
-0.044525  2.08014e-08 
-0.044395  2.06996e-08 
-0.044265  2.05981e-08 
-0.044135  2.04966e-08 
-0.044005  2.03953e-08 
-0.043875  2.0294e-08 
-0.043745  2.01928e-08 
-0.043615  2.00916e-08 
-0.043485  1.99905e-08 
-0.043355  1.98894e-08 
-0.043225  1.97884e-08 
-0.043095  1.96876e-08 
-0.042965  1.9587e-08 
-0.042835  1.94866e-08 
-0.042705  1.93864e-08 
-0.042575  1.92867e-08 
-0.042445  1.91874e-08 
-0.042315  1.90887e-08 
-0.042185  1.89906e-08 
-0.042055  1.88931e-08 
-0.041925  1.87963e-08 
-0.041795  1.87003e-08 
-0.041665  1.86051e-08 
-0.041535  1.85107e-08 
-0.041405  1.84172e-08 
-0.041275  1.83245e-08 
-0.041145  1.82327e-08 
-0.041015  1.81416e-08 
-0.040885  1.80512e-08 
-0.040755  1.79616e-08 
-0.040625  1.78725e-08 
-0.040495  1.77841e-08 
-0.040365  1.76961e-08 
-0.040235  1.76085e-08 
-0.040105  1.75213e-08 
-0.039975  1.74344e-08 
-0.039845  1.73477e-08 
-0.039715  1.72613e-08 
-0.039585  1.7175e-08 
-0.039455  1.70889e-08 
-0.039325  1.70029e-08 
-0.039195  1.6917e-08 
-0.039065  1.68314e-08 
-0.038935  1.67459e-08 
-0.038805  1.66606e-08 
-0.038675  1.65755e-08 
-0.038545  1.64907e-08 
-0.038415  1.64062e-08 
-0.038285  1.6322e-08 
-0.038155  1.6238e-08 
-0.038025  1.61543e-08 
-0.037895  1.6071e-08 
-0.037765  1.59878e-08 
-0.037635  1.59049e-08 
-0.037505  1.58221e-08 
-0.037375  1.57394e-08 
-0.037245  1.56567e-08 
-0.037115  1.5574e-08 
-0.036985  1.54913e-08 
-0.036855  1.54083e-08 
-0.036725  1.53252e-08 
-0.036595  1.52419e-08 
-0.036465  1.51583e-08 
-0.036335  1.50744e-08 
-0.036205  1.49902e-08 
-0.036075  1.49058e-08 
-0.035945  1.48212e-08 
-0.035815  1.47364e-08 
-0.035685  1.46515e-08 
-0.035555  1.45666e-08 
-0.035425  1.44818e-08 
-0.035295  1.43971e-08 
-0.035165  1.43128e-08 
-0.035035  1.42288e-08 
-0.034905  1.41452e-08 
-0.034775  1.40623e-08 
-0.034645  1.39801e-08 
-0.034515  1.38985e-08 
-0.034385  1.38179e-08 
-0.034255  1.3738e-08 
-0.034125  1.36592e-08 
-0.033995  1.35812e-08 
-0.033865  1.35042e-08 
-0.033735  1.34282e-08 
-0.033605  1.33531e-08 
-0.033475  1.3279e-08 
-0.033345  1.32057e-08 
-0.033215  1.31333e-08 
-0.033085  1.30617e-08 
-0.032955  1.29907e-08 
-0.032825  1.29204e-08 
-0.032695  1.28505e-08 
-0.032565  1.27812e-08 
-0.032435  1.27121e-08 
-0.032305  1.26434e-08 
-0.032175  1.25748e-08 
-0.032045  1.25063e-08 
-0.031915  1.24377e-08 
-0.031785  1.2369e-08 
-0.031655  1.23002e-08 
-0.031525  1.2231e-08 
-0.031395  1.21615e-08 
-0.031265  1.20918e-08 
-0.031135  1.20215e-08 
-0.031005  1.19509e-08 
-0.030875  1.18799e-08 
-0.030745  1.18087e-08 
-0.030615  1.17371e-08 
-0.030485  1.16654e-08 
-0.030355  1.15937e-08 
-0.030225  1.1522e-08 
-0.030095  1.14505e-08 
-0.029965  1.13793e-08 
-0.029835  1.13085e-08 
-0.029705  1.12383e-08 
-0.029575  1.11687e-08 
-0.029445  1.10999e-08 
-0.029315  1.10318e-08 
-0.029185  1.09647e-08 
-0.029055  1.08982e-08 
-0.028925  1.08328e-08 
-0.028795  1.07681e-08 
-0.028665  1.07043e-08 
-0.028535  1.06414e-08 
-0.028405  1.0579e-08 
-0.028275  1.05174e-08 
-0.028145  1.04562e-08 
-0.028015  1.03956e-08 
-0.027885  1.03354e-08 
-0.027755  1.02755e-08 
-0.027625  1.02158e-08 
-0.027495  1.01561e-08 
-0.027365  1.00965e-08 
-0.027235  1.00367e-08 
-0.027105  9.97687e-09 
-0.026975  9.91675e-09 
-0.026845  9.85645e-09 
-0.026715  9.79584e-09 
-0.026585  9.73482e-09 
-0.026455  9.67356e-09 
-0.026325  9.61188e-09 
-0.026195  9.55e-09 
-0.026065  9.48782e-09 
-0.025935  9.42531e-09 
-0.025805  9.3627e-09 
-0.025675  9.29984e-09 
-0.025545  9.23693e-09 
-0.025415  9.17382e-09 
-0.025285  9.11071e-09 
-0.025155  9.04752e-09 
-0.025025  8.98418e-09 
-0.024895  8.92083e-09 
-0.024765  8.85733e-09 
-0.024635  8.79382e-09 
-0.024505  8.73013e-09 
-0.024375  8.66642e-09 
-0.024245  8.60262e-09 
-0.024115  8.53864e-09 
-0.023985  8.47467e-09 
-0.023855  8.4106e-09 
-0.023725  8.3466e-09 
-0.023595  8.28258e-09 
-0.023465  8.21875e-09 
-0.023335  8.15511e-09 
-0.023205  8.09162e-09 
-0.023075  8.02853e-09 
-0.022945  7.96577e-09 
-0.022815  7.90355e-09 
-0.022685  7.84177e-09 
-0.022555  7.78067e-09 
-0.022425  7.72019e-09 
-0.022295  7.6603e-09 
-0.022165  7.60117e-09 
-0.022035  7.54261e-09 
-0.021905  7.48478e-09 
-0.021775  7.42748e-09 
-0.021645  7.3708e-09 
-0.021515  7.31457e-09 
-0.021385  7.25861e-09 
-0.021255  7.20298e-09 
-0.021125  7.14735e-09 
-0.020995  7.09181e-09 
-0.020865  7.03604e-09 
-0.020735  6.98007e-09 
-0.020605  6.9237e-09 
-0.020475  6.86676e-09 
-0.020345  6.80928e-09 
-0.020215  6.75105e-09 
-0.020085  6.69216e-09 
-0.019955  6.63242e-09 
-0.019825  6.57196e-09 
-0.019695  6.51071e-09 
-0.019565  6.44861e-09 
-0.019435  6.38585e-09 
-0.019305  6.32231e-09 
-0.019175  6.25824e-09 
-0.019045  6.19361e-09 
-0.018915  6.12842e-09 
-0.018785  6.06292e-09 
-0.018655  5.99703e-09 
-0.018525  5.93104e-09 
-0.018395  5.86484e-09 
-0.018265  5.79869e-09 
-0.018135  5.73258e-09 
-0.018005  5.66655e-09 
-0.017875  5.60078e-09 
-0.017745  5.53522e-09 
-0.017615  5.47008e-09 
-0.017485  5.40523e-09 
-0.017355  5.3409e-09 
-0.017225  5.27702e-09 
-0.017095  5.21353e-09 
-0.016965  5.15059e-09 
-0.016835  5.08804e-09 
-0.016705  5.02602e-09 
-0.016575  4.96435e-09 
-0.016445  4.90315e-09 
-0.016315  4.84228e-09 
-0.016185  4.7816e-09 
-0.016055  4.72123e-09 
-0.015925  4.66093e-09 
-0.015795  4.60079e-09 
-0.015665  4.54054e-09 
-0.015535  4.48033e-09 
-0.015405  4.41997e-09 
-0.015275  4.35934e-09 
-0.015145  4.29855e-09 
-0.015015  4.23738e-09 
-0.014885  4.17598e-09 
-0.014755  4.11416e-09 
-0.014625  4.05211e-09 
-0.014495  3.98973e-09 
-0.014365  3.927e-09 
-0.014235  3.86412e-09 
-0.014105  3.80096e-09 
-0.013975  3.73779e-09 
-0.013845  3.67449e-09 
-0.013715  3.61135e-09 
-0.013585  3.54834e-09 
-0.013455  3.48549e-09 
-0.013325  3.42305e-09 
-0.013195  3.36093e-09 
-0.013065  3.29939e-09 
-0.012935  3.23843e-09 
-0.012805  3.17803e-09 
-0.012675  3.1184e-09 
-0.012545  3.05944e-09 
-0.012415  3.00132e-09 
-0.012285  2.94391e-09 
-0.012155  2.88737e-09 
-0.012025  2.8316e-09 
-0.011895  2.77646e-09 
-0.011765  2.7221e-09 
-0.011635  2.66824e-09 
-0.011505  2.61503e-09 
-0.011375  2.56216e-09 
-0.011245  2.50971e-09 
-0.011115  2.45752e-09 
-0.010985  2.4054e-09 
-0.010855  2.35343e-09 
-0.010725  2.30136e-09 
-0.010595  2.2493e-09 
-0.010465  2.19701e-09 
-0.010335  2.14465e-09 
-0.010205  2.0921e-09 
-0.010075  2.03928e-09 
-0.009945  1.98637e-09 
-0.009815  1.93325e-09 
-0.009685  1.8801e-09 
-0.009555  1.82685e-09 
-0.009425  1.7737e-09 
-0.009295  1.72066e-09 
-0.009165  1.66769e-09 
-0.009035  1.61513e-09 
-0.008905  1.56282e-09 
-0.008775  1.51109e-09 
-0.008645  1.45982e-09 
-0.008515  1.40933e-09 
-0.008385  1.3596e-09 
-0.008255  1.31064e-09 
-0.008125  1.26271e-09 
-0.007995  1.21573e-09 
-0.007865  1.16993e-09 
-0.007735  1.12521e-09 
-0.007605  1.08176e-09 
-0.007475  1.03956e-09 
-0.007345  9.985e-10 
-0.007215  9.58794e-10 
-0.007085  9.20247e-10 
-0.006955  8.83006e-10 
-0.006825  8.46888e-10 
-0.006695  8.11984e-10 
-0.006565  7.78213e-10 
-0.006435  7.45367e-10 
-0.006305  7.13628e-10 
-0.006175  6.82707e-10 
-0.006045  6.52751e-10 
-0.005915  6.23603e-10 
-0.005785  5.95126e-10 
-0.005655  5.67459e-10 
-0.005525  5.40392e-10 
-0.005395  5.14081e-10 
-0.005265  4.8834e-10 
-0.005135  4.63327e-10 
-0.005005  4.38969e-10 
-0.004875  4.15161e-10 
-0.004745  3.92103e-10 
-0.004615  3.69626e-10 
-0.004485  3.47917e-10 
-0.004355  3.26779e-10 
-0.004225  3.06404e-10 
-0.004095  2.86686e-10 
-0.003965  2.67529e-10 
-0.003835  2.49092e-10 
-0.003705  2.31178e-10 
-0.003575  2.13938e-10 
-0.003445  1.97209e-10 
-0.003315  1.8113e-10 
-0.003185  1.65605e-10 
-0.003055  1.50547e-10 
-0.002925  1.36139e-10 
-0.002795  1.22198e-10 
-0.002665  1.08923e-10 
-0.002535  9.61563e-11 
-0.002405  8.40795e-11 
-0.002275  7.26514e-11 
-0.002145  6.17786e-11 
-0.002015  5.16921e-11 
-0.001885  4.22359e-11 
-0.001755  3.35626e-11 
-0.001625  2.55669e-11 
-0.001495  1.84065e-11 
-0.001365  1.20679e-11 
-0.001235  6.39015e-12 
-0.001105  1.62544e-12 
-0.000975  -2.41758e-12 
-0.000845  -5.53305e-12 
-0.000715  -7.93936e-12 
-0.000585  -9.42127e-12 
-0.000455  -1.00693e-11 
-0.000325  -9.99306e-12 
-0.000195  -8.99829e-12 
-6.5e-05  -7.30408e-12 
6.5e-05  -4.81274e-12 
0.000195  -1.39291e-12 
0.000325  2.59047e-12 
0.000455  7.22635e-12 
0.000585  1.27033e-11 
0.000715  1.85992e-11 
0.000845  2.50259e-11 
0.000975  3.19519e-11 
0.001105  3.948e-11 
0.001235  4.72499e-11 
0.001365  5.53631e-11 
0.001495  6.3991e-11 
0.001625  7.2754e-11 
0.001755  8.18151e-11 
0.001885  9.11776e-11 
0.002015  1.00999e-10 
0.002145  1.10984e-10 
0.002275  1.21269e-10 
0.002405  1.3208e-10 
0.002535  1.43071e-10 
0.002665  1.54445e-10 
0.002795  1.66252e-10 
0.002925  1.78648e-10 
0.003055  1.91325e-10 
0.003185  2.04518e-10 
0.003315  2.18384e-10 
0.003445  2.32644e-10 
0.003575  2.47494e-10 
0.003705  2.63134e-10 
0.003835  2.79263e-10 
0.003965  2.96117e-10 
0.004095  3.13724e-10 
0.004225  3.32292e-10 
0.004355  3.5153e-10 
0.004485  3.71659e-10 
0.004615  3.92877e-10 
0.004745  4.14874e-10 
0.004875  4.37864e-10 
0.005005  4.61861e-10 
0.005135  4.87057e-10 
0.005265  5.13135e-10 
0.005395  5.40248e-10 
0.005525  5.6859e-10 
0.005655  5.97796e-10 
0.005785  6.28009e-10 
0.005915  6.59204e-10 
0.006045  6.91515e-10 
0.006175  7.24559e-10 
0.006305  7.58468e-10 
0.006435  7.93356e-10 
0.006565  8.28839e-10 
0.006695  8.65022e-10 
0.006825  9.01866e-10 
0.006955  9.39487e-10 
0.007085  9.77499e-10 
0.007215  1.01603e-09 
0.007345  1.05521e-09 
0.007475  1.09471e-09 
0.007605  1.13465e-09 
0.007735  1.17504e-09 
0.007865  1.21602e-09 
0.007995  1.25729e-09 
0.008125  1.29903e-09 
0.008255  1.3414e-09 
0.008385  1.38409e-09 
0.008515  1.42729e-09 
0.008645  1.47102e-09 
0.008775  1.51546e-09 
0.008905  1.56027e-09 
0.009035  1.60562e-09 
0.009165  1.65169e-09 
0.009295  1.69813e-09 
0.009425  1.74505e-09 
0.009555  1.79247e-09 
0.009685  1.84052e-09 
0.009815  1.88881e-09 
0.009945  1.93748e-09 
0.010075  1.9867e-09 
0.010205  2.0361e-09 
0.010335  2.0858e-09 
0.010465  2.13586e-09 
0.010595  2.18641e-09 
0.010725  2.23712e-09 
0.010855  2.2882e-09 
0.010985  2.33985e-09 
0.011115  2.3918e-09 
0.011245  2.44421e-09 
0.011375  2.49719e-09 
0.011505  2.55093e-09 
0.011635  2.60516e-09 
0.011765  2.66009e-09 
0.011895  2.71596e-09 
0.012025  2.77243e-09 
0.012155  2.82974e-09 
0.012285  2.88789e-09 
0.012415  2.94707e-09 
0.012545  3.0069e-09 
0.012675  3.06757e-09 
0.012805  3.12919e-09 
0.012935  3.19138e-09 
0.013065  3.25421e-09 
0.013195  3.31766e-09 
0.013325  3.38175e-09 
0.013455  3.44607e-09 
0.013585  3.51065e-09 
0.013715  3.57559e-09 
0.013845  3.6404e-09 
0.013975  3.70517e-09 
0.014105  3.76977e-09 
0.014235  3.83433e-09 
0.014365  3.8984e-09 
0.014495  3.96212e-09 
0.014625  4.02565e-09 
0.014755  4.08862e-09 
0.014885  4.15126e-09 
0.015015  4.21357e-09 
0.015145  4.27583e-09 
0.015275  4.33777e-09 
0.015405  4.39963e-09 
0.015535  4.46171e-09 
0.015665  4.52375e-09 
0.015795  4.58604e-09 
0.015925  4.64866e-09 
0.016055  4.71186e-09 
0.016185  4.77537e-09 
0.016315  4.83938e-09 
0.016445  4.90409e-09 
0.016575  4.96916e-09 
0.016705  5.03476e-09 
0.016835  5.10097e-09 
0.016965  5.16742e-09 
0.017095  5.23418e-09 
0.017225  5.30121e-09 
0.017355  5.36852e-09 
0.017485  5.43572e-09 
0.017615  5.50286e-09 
0.017745  5.57002e-09 
0.017875  5.6368e-09 
0.018005  5.70325e-09 
0.018135  5.76935e-09 
0.018265  5.83521e-09 
0.018395  5.90044e-09 
0.018525  5.96518e-09 
0.018655  6.02962e-09 
0.018785  6.0934e-09 
0.018915  6.15667e-09 
0.019045  6.21947e-09 
0.019175  6.28197e-09 
0.019305  6.34385e-09 
0.019435  6.40532e-09 
0.019565  6.46657e-09 
0.019695  6.52729e-09 
0.019825  6.5877e-09 
0.019955  6.64785e-09 
0.020085  6.70795e-09 
0.020215  6.76769e-09 
0.020345  6.82733e-09 
0.020475  6.88707e-09 
0.020605  6.94663e-09 
0.020735  7.00623e-09 
0.020865  7.06593e-09 
0.020995  7.12593e-09 
0.021125  7.18597e-09 
0.021255  7.24623e-09 
0.021385  7.30693e-09 
0.021515  7.36774e-09 
0.021645  7.4289e-09 
0.021775  7.49037e-09 
0.021905  7.55236e-09 
0.022035  7.61449e-09 
0.022165  7.67691e-09 
0.022295  7.73975e-09 
0.022425  7.80261e-09 
0.022555  7.86558e-09 
0.022685  7.92858e-09 
0.022815  7.99171e-09 
0.022945  8.05451e-09 
0.023075  8.11702e-09 
0.023205  8.17934e-09 
0.023335  8.24105e-09 
0.023465  8.30223e-09 
0.023595  8.36283e-09 
0.023725  8.42298e-09 
0.023855  8.4823e-09 
0.023985  8.54097e-09 
0.024115  8.5992e-09 
0.024245  8.65668e-09 
0.024375  8.71362e-09 
0.024505  8.77009e-09 
0.024635  8.82636e-09 
0.024765  8.88214e-09 
0.024895  8.93769e-09 
0.025025  8.99324e-09 
0.025155  9.04853e-09 
0.025285  9.10378e-09 
0.025415  9.15905e-09 
0.025545  9.21458e-09 
0.025675  9.27005e-09 
0.025805  9.32566e-09 
0.025935  9.38164e-09 
0.026065  9.43768e-09 
0.026195  9.49396e-09 
0.026325  9.55053e-09 
0.026455  9.60759e-09 
0.026585  9.6648e-09 
0.026715  9.7224e-09 
0.026845  9.78055e-09 
0.026975  9.83892e-09 
0.027105  9.8977e-09 
0.027235  9.95692e-09 
0.027365  1.00167e-08 
0.027495  1.00768e-08 
0.027625  1.01372e-08 
0.027755  1.01982e-08 
0.027885  1.02594e-08 
0.028015  1.03209e-08 
0.028145  1.03827e-08 
0.028275  1.04449e-08 
0.028405  1.05072e-08 
0.028535  1.05697e-08 
0.028665  1.06325e-08 
0.028795  1.06954e-08 
0.028925  1.07585e-08 
0.029055  1.08218e-08 
0.029185  1.08857e-08 
0.029315  1.09499e-08 
0.029445  1.10145e-08 
0.029575  1.10799e-08 
0.029705  1.11459e-08 
0.029835  1.12127e-08 
0.029965  1.12805e-08 
0.030095  1.13494e-08 
0.030225  1.14193e-08 
0.030355  1.14903e-08 
0.030485  1.15626e-08 
0.030615  1.16359e-08 
0.030745  1.17104e-08 
0.030875  1.17861e-08 
0.031005  1.18626e-08 
0.031135  1.19399e-08 
0.031265  1.2018e-08 
0.031395  1.2097e-08 
0.031525  1.21762e-08 
0.031655  1.22558e-08 
0.031785  1.23358e-08 
0.031915  1.24158e-08 
0.032045  1.24959e-08 
0.032175  1.25759e-08 
0.032305  1.26561e-08 
0.032435  1.27359e-08 
0.032565  1.28157e-08 
0.032695  1.28955e-08 
0.032825  1.29749e-08 
0.032955  1.30542e-08 
0.033085  1.31333e-08 
0.033215  1.32125e-08 
0.033345  1.32913e-08 
0.033475  1.337e-08 
0.033605  1.34488e-08 
0.033735  1.35272e-08 
0.033865  1.36054e-08 
0.033995  1.36835e-08 
0.034125  1.37617e-08 
0.034255  1.38395e-08 
0.034385  1.39172e-08 
0.034515  1.3995e-08 
0.034645  1.40724e-08 
0.034775  1.41498e-08 
0.034905  1.42272e-08 
0.035035  1.43047e-08 
0.035165  1.4382e-08 
0.035295  1.44594e-08 
0.035425  1.45371e-08 
0.035555  1.46148e-08 
0.035685  1.46926e-08 
0.035815  1.47707e-08 
0.035945  1.48492e-08 
0.036075  1.49278e-08 
0.036205  1.50067e-08 
0.036335  1.5086e-08 
0.036465  1.51655e-08 
0.036595  1.52453e-08 
0.036725  1.53253e-08 
0.036855  1.54057e-08 
0.036985  1.54861e-08 
0.037115  1.55667e-08 
0.037245  1.56476e-08 
0.037375  1.57284e-08 
0.037505  1.58094e-08 
0.037635  1.58904e-08 
0.037765  1.59718e-08 
0.037895  1.60531e-08 
0.038025  1.61346e-08 
0.038155  1.62165e-08 
0.038285  1.62984e-08 
0.038415  1.63807e-08 
0.038545  1.64635e-08 
0.038675  1.65468e-08 
0.038805  1.66306e-08 
0.038935  1.67149e-08 
0.039065  1.68001e-08 
0.039195  1.68859e-08 
0.039325  1.69725e-08 
0.039455  1.70599e-08 
0.039585  1.71484e-08 
0.039715  1.72375e-08 
0.039845  1.73275e-08 
0.039975  1.74186e-08 
0.040105  1.75103e-08 
0.040235  1.76027e-08 
0.040365  1.76959e-08 
0.040495  1.779e-08 
0.040625  1.78845e-08 
0.040755  1.79796e-08 
0.040885  1.80753e-08 
0.041015  1.81712e-08 
0.041145  1.82675e-08 
0.041275  1.8364e-08 
0.041405  1.84609e-08 
0.041535  1.85578e-08 
0.041665  1.86548e-08 
0.041795  1.8752e-08 
0.041925  1.88491e-08 
0.042055  1.89462e-08 
0.042185  1.90432e-08 
0.042315  1.91404e-08 
0.042445  1.92374e-08 
0.042575  1.93343e-08 
0.042705  1.94313e-08 
0.042835  1.95281e-08 
0.042965  1.96248e-08 
0.043095  1.97214e-08 
0.043225  1.98181e-08 
0.043355  1.99146e-08 
0.043485  2.00111e-08 
0.043615  2.01077e-08 
0.043745  2.02042e-08 
0.043875  2.03006e-08 
0.044005  2.03972e-08 
0.044135  2.04937e-08 
0.044265  2.05903e-08 
0.044395  2.06869e-08 
0.044525  2.07838e-08 
0.044655  2.08807e-08 
0.044785  2.09777e-08 
0.044915  2.1075e-08 
0.045045  2.11724e-08 
0.045175  2.127e-08 
0.045305  2.13679e-08 
0.045435  2.14663e-08 
0.045565  2.15649e-08 
0.045695  2.16639e-08 
0.045825  2.17635e-08 
0.045955  2.18634e-08 
0.046085  2.19639e-08 
0.046215  2.2065e-08 
0.046345  2.21669e-08 
0.046475  2.22692e-08 
0.046605  2.23723e-08 
0.046735  2.24763e-08 
0.046865  2.25808e-08 
0.046995  2.2686e-08 
0.047125  2.27921e-08 
0.047255  2.2899e-08 
0.047385  2.30066e-08 
0.047515  2.31149e-08 
0.047645  2.32241e-08 
0.047775  2.33339e-08 
0.047905  2.34443e-08 
0.048035  2.35554e-08 
0.048165  2.36673e-08 
0.048295  2.37795e-08 
0.048425  2.38921e-08 
0.048555  2.40053e-08 
0.048685  2.41187e-08 
0.048815  2.42323e-08 
0.048945  2.43461e-08 
0.049075  2.44602e-08 
0.049205  2.45743e-08 
0.049335  2.46884e-08 
0.049465  2.48028e-08 
0.049595  2.4917e-08 
0.049725  2.50312e-08 
0.049855  2.51454e-08 
0.049985  2.52598e-08 
0.050115  2.53742e-08 
0.050245  2.54885e-08 
0.050375  2.56031e-08 
0.050505  2.57177e-08 
0.050635  2.58323e-08 
0.050765  2.5947e-08 
0.050895  2.6062e-08 
0.051025  2.61769e-08 
0.051155  2.6292e-08 
0.051285  2.64073e-08 
0.051415  2.65227e-08 
0.051545  2.66382e-08 
0.051675  2.67538e-08 
0.051805  2.68699e-08 
0.051935  2.69861e-08 
0.052065  2.71025e-08 
0.052195  2.72194e-08 
0.052325  2.73366e-08 
0.052455  2.74541e-08 
0.052585  2.75722e-08 
0.052715  2.7691e-08 
0.052845  2.78101e-08 
0.052975  2.79299e-08 
0.053105  2.80505e-08 
0.053235  2.81717e-08 
0.053365  2.82936e-08 
0.053495  2.84163e-08 
0.053625  2.85399e-08 
0.053755  2.86642e-08 
0.053885  2.87893e-08 
0.054015  2.89154e-08 
0.054145  2.90421e-08 
0.054275  2.91696e-08 
0.054405  2.9298e-08 
0.054535  2.94272e-08 
0.054665  2.95571e-08 
0.054795  2.96876e-08 
0.054925  2.9819e-08 
0.055055  2.99508e-08 
0.055185  3.00832e-08 
0.055315  3.02161e-08 
0.055445  3.03496e-08 
0.055575  3.04833e-08 
0.055705  3.06173e-08 
0.055835  3.07517e-08 
0.055965  3.0886e-08 
0.056095  3.10204e-08 
0.056225  3.11547e-08 
0.056355  3.12892e-08 
0.056485  3.14234e-08 
0.056615  3.15574e-08 
0.056745  3.16914e-08 
0.056875  3.18251e-08 
0.057005  3.19586e-08 
0.057135  3.20921e-08 
0.057265  3.22254e-08 
0.057395  3.23586e-08 
0.057525  3.24919e-08 
0.057655  3.26254e-08 
0.057785  3.27589e-08 
0.057915  3.28927e-08 
0.058045  3.3027e-08 
0.058175  3.31615e-08 
0.058305  3.32964e-08 
0.058435  3.34318e-08 
0.058565  3.35679e-08 
0.058695  3.37045e-08 
0.058825  3.38417e-08 
0.058955  3.39796e-08 
0.059085  3.41181e-08 
0.059215  3.42573e-08 
0.059345  3.43971e-08 
0.059475  3.45378e-08 
0.059605  3.4679e-08 
0.059735  3.48208e-08 
0.059865  3.49635e-08 
0.059995  3.51065e-08 
0.060125  3.52502e-08 
0.060255  3.53944e-08 
0.060385  3.55393e-08 
0.060515  3.56846e-08 
0.060645  3.58304e-08 
0.060775  3.59769e-08 
0.060905  3.61236e-08 
0.061035  3.6271e-08 
0.061165  3.64188e-08 
0.061295  3.65673e-08 
0.061425  3.67163e-08 
0.061555  3.68659e-08 
0.061685  3.70163e-08 
0.061815  3.71673e-08 
0.061945  3.73191e-08 
0.062075  3.74716e-08 
0.062205  3.76252e-08 
0.062335  3.77794e-08 
0.062465  3.79346e-08 
0.062595  3.80907e-08 
0.062725  3.82476e-08 
0.062855  3.84053e-08 
0.062985  3.85638e-08 
0.063115  3.87233e-08 
0.063245  3.88832e-08 
0.063375  3.90439e-08 
0.063505  3.92052e-08 
0.063635  3.9367e-08 
0.063765  3.95292e-08 
0.063895  3.96919e-08 
0.064025  3.98553e-08 
0.064155  4.00188e-08 
0.064285  4.01828e-08 
0.064415  4.03473e-08 
0.064545  4.05121e-08 
0.064675  4.06773e-08 
0.064805  4.08429e-08 
0.064935  4.10091e-08 
0.065065  4.11756e-08 
0.065195  4.13425e-08 
0.065325  4.15102e-08 
0.065455  4.16782e-08 
0.065585  4.18469e-08 
0.065715  4.20162e-08 
0.065845  4.21863e-08 
0.065975  4.23571e-08 
0.066105  4.25287e-08 
0.066235  4.27013e-08 
0.066365  4.28747e-08 
0.066495  4.30491e-08 
0.066625  4.32246e-08 
0.066755  4.34013e-08 
0.066885  4.35791e-08 
0.067015  4.3758e-08 
0.067145  4.39384e-08 
0.067275  4.41199e-08 
0.067405  4.43027e-08 
0.067535  4.44867e-08 
0.067665  4.46723e-08 
0.067795  4.4859e-08 
0.067925  4.5047e-08 
0.068055  4.52364e-08 
0.068185  4.54268e-08 
0.068315  4.56185e-08 
0.068445  4.58113e-08 
0.068575  4.60054e-08 
0.068705  4.62004e-08 
0.068835  4.63965e-08 
0.068965  4.65937e-08 
0.069095  4.67917e-08 
0.069225  4.69907e-08 
0.069355  4.71905e-08 
0.069485  4.73912e-08 
0.069615  4.75926e-08 
0.069745  4.77946e-08 
0.069875  4.79975e-08 
