-0.134811 -2.04406e-08
-0.134721 -2.07847e-08
-0.134631 -2.0576e-08
-0.134542 -2.03259e-08
-0.134452 -1.96112e-08
-0.134362 -1.90025e-08
-0.134272 -1.85774e-08
-0.134182 -1.86802e-08
-0.134092 -1.85241e-08
-0.134002 -1.87785e-08
-0.133912 -1.85407e-08
-0.133823 -1.86703e-08
-0.133733 -1.85188e-08
-0.133643 -1.81403e-08
-0.133553 -1.81852e-08
-0.133463 -1.84283e-08
-0.133373 -1.90887e-08
-0.133283 -1.98728e-08
-0.133194 -2.00437e-08
-0.133104 -2.02528e-08
-0.133014 -2.04037e-08
-0.132924 -2.04012e-08
-0.132834 -2.08621e-08
-0.132744 -2.11718e-08
-0.132654 -2.17496e-08
-0.132564 -2.20752e-08
-0.132475 -2.22939e-08
-0.132385 -2.25442e-08
-0.132295 -2.24964e-08
-0.132205 -2.24316e-08
-0.132115 -2.23468e-08
-0.132025 -2.20184e-08
-0.131935 -2.2066e-08
-0.131845 -2.21221e-08
-0.131756 -2.20077e-08
-0.131666 -2.17885e-08
-0.131576 -2.15998e-08
-0.131486 -2.17531e-08
-0.131396 -2.1758e-08
-0.131306 -2.16055e-08
-0.131216 -2.13714e-08
-0.131126 -2.12902e-08
-0.131037 -2.16972e-08
-0.130947 -2.17152e-08
-0.130857 -2.18869e-08
-0.130767 -2.22656e-08
-0.130677 -2.26379e-08
-0.130587 -2.26197e-08
-0.130497 -2.24837e-08
-0.130407 -2.22321e-08
-0.130318 -2.2177e-08
-0.130228 -2.22379e-08
-0.130138 -2.23065e-08
-0.130048 -2.2422e-08
-0.129958 -2.22473e-08
-0.129868 -2.26809e-08
-0.129778 -2.2469e-08
-0.129688 -2.2439e-08
-0.129599 -2.19366e-08
-0.129509 -2.23129e-08
-0.129419 -2.25703e-08
-0.129329 -2.2587e-08
-0.129239 -2.23658e-08
-0.129149 -2.26515e-08
-0.129059 -2.24561e-08
-0.128969 -2.19444e-08
-0.12888 -2.13495e-08
-0.12879 -2.10736e-08
-0.1287 -2.02237e-08
-0.12861 -1.9619e-08
-0.12852 -1.91938e-08
-0.12843 -1.86109e-08
-0.12834 -1.8539e-08
-0.12825 -1.86196e-08
-0.128161 -1.83146e-08
-0.128071 -1.80088e-08
-0.127981 -1.78087e-08
-0.127891 -1.83883e-08
-0.127801 -1.82118e-08
-0.127711 -1.82667e-08
-0.127621 -1.87117e-08
-0.127531 -1.8697e-08
-0.127442 -1.88562e-08
-0.127352 -1.87114e-08
-0.127262 -1.881e-08
-0.127172 -1.90923e-08
-0.127082 -1.92943e-08
-0.126992 -1.96585e-08
-0.126902 -2.00606e-08
-0.126812 -2.00545e-08
-0.126723 -2.08796e-08
-0.126633 -2.11443e-08
-0.126543 -2.15457e-08
-0.126453 -2.18332e-08
-0.126363 -2.21298e-08
-0.126273 -2.26595e-08
-0.126183 -2.27845e-08
-0.126093 -2.29888e-08
-0.126004 -2.3606e-08
-0.125914 -2.35495e-08
-0.125824 -2.37118e-08
-0.125734 -2.36376e-08
-0.125644 -2.37848e-08
-0.125554 -2.37358e-08
-0.125464 -2.38646e-08
-0.125374 -2.41086e-08
-0.125285 -2.43268e-08
-0.125195 -2.42801e-08
-0.125105 -2.41588e-08
-0.125015 -2.3803e-08
-0.124925 -2.33314e-08
-0.124835 -2.30912e-08
-0.124745 -2.29304e-08
-0.124655 -2.27506e-08
-0.124566 -2.21185e-08
-0.124476 -2.17369e-08
-0.124386 -2.11736e-08
-0.124296 -2.08423e-08
-0.124206 -2.03076e-08
-0.124116 -1.99062e-08
-0.124026 -1.99729e-08
-0.123936 -1.98157e-08
-0.123847 -2.0185e-08
-0.123757 -2.01102e-08
-0.123667 -2.00614e-08
-0.123577 -1.97429e-08
-0.123487 -1.97025e-08
-0.123397 -1.95555e-08
-0.123307 -1.94826e-08
-0.123217 -1.91962e-08
-0.123128 -1.96396e-08
-0.123038 -1.96809e-08
-0.122948 -1.97752e-08
-0.122858 -1.9677e-08
-0.122768 -1.94334e-08
-0.122678 -1.96318e-08
-0.122588 -1.99149e-08
-0.122498 -2.02244e-08
-0.122409 -2.07755e-08
-0.122319 -2.12176e-08
-0.122229 -2.15506e-08
-0.122139 -2.18257e-08
-0.122049 -2.17754e-08
-0.121959 -2.18905e-08
-0.121869 -2.22523e-08
-0.121779 -2.24893e-08
-0.12169 -2.23538e-08
-0.1216 -2.20789e-08
-0.12151 -2.19656e-08
-0.12142 -2.18308e-08
-0.12133 -2.13786e-08
-0.12124 -2.11605e-08
-0.12115 -2.08572e-08
-0.12106 -2.04647e-08
-0.120971 -2.03976e-08
-0.120881 -2.01001e-08
-0.120791 -1.96759e-08
-0.120701 -1.95893e-08
-0.120611 -1.95594e-08
-0.120521 -1.96074e-08
-0.120431 -1.96664e-08
-0.120341 -1.99248e-08
-0.120252 -2.00389e-08
-0.120162 -2.02062e-08
-0.120072 -2.05316e-08
-0.119982 -2.09767e-08
-0.119892 -2.11765e-08
-0.119802 -2.14305e-08
-0.119712 -2.14676e-08
-0.119623 -2.16332e-08
-0.119533 -2.17899e-08
-0.119443 -2.2199e-08
-0.119353 -2.22863e-08
-0.119263 -2.22888e-08
-0.119173 -2.22633e-08
-0.119083 -2.23854e-08
-0.118993 -2.22631e-08
-0.118904 -2.19047e-08
-0.118814 -2.1747e-08
-0.118724 -2.16432e-08
-0.118634 -2.16405e-08
-0.118544 -2.15787e-08
-0.118454 -2.11304e-08
-0.118364 -2.06686e-08
-0.118274 -2.03034e-08
-0.118185 -2.01544e-08
-0.118095 -1.99621e-08
-0.118005 -1.95995e-08
-0.117915 -1.94863e-08
-0.117825 -1.93602e-08
-0.117735 -1.92558e-08
-0.117645 -1.92527e-08
-0.117555 -1.91176e-08
-0.117466 -1.91736e-08
-0.117376 -1.91315e-08
-0.117286 -1.90478e-08
-0.117196 -1.91275e-08
-0.117106 -1.90774e-08
-0.117016 -1.90495e-08
-0.116926 -1.89855e-08
-0.116836 -1.90994e-08
-0.116747 -1.91583e-08
-0.116657 -1.91661e-08
-0.116567 -1.91441e-08
-0.116477 -1.90489e-08
-0.116387 -1.89735e-08
-0.116297 -1.91723e-08
-0.116207 -1.93244e-08
-0.116117 -1.94367e-08
-0.116028 -1.92438e-08
-0.115938 -1.94567e-08
-0.115848 -1.95784e-08
-0.115758 -1.95498e-08
-0.115668 -1.96721e-08
-0.115578 -1.96895e-08
-0.115488 -1.9703e-08
-0.115398 -1.97961e-08
-0.115309 -1.98672e-08
-0.115219 -1.99242e-08
-0.115129 -1.98324e-08
-0.115039 -1.99965e-08
-0.114949 -2.01938e-08
-0.114859 -2.00609e-08
-0.114769 -1.99806e-08
-0.114679 -1.99539e-08
-0.11459 -1.98293e-08
-0.1145 -1.97703e-08
-0.11441 -1.95966e-08
-0.11432 -1.95598e-08
-0.11423 -1.9242e-08
-0.11414 -1.89943e-08
-0.11405 -1.86655e-08
-0.11396 -1.84769e-08
-0.113871 -1.82384e-08
-0.113781 -1.80891e-08
-0.113691 -1.7856e-08
-0.113601 -1.77174e-08
-0.113511 -1.73979e-08
-0.113421 -1.73964e-08
-0.113331 -1.72928e-08
-0.113241 -1.72364e-08
-0.113152 -1.74129e-08
-0.113062 -1.74989e-08
-0.112972 -1.75419e-08
-0.112882 -1.7579e-08
-0.112792 -1.76336e-08
-0.112702 -1.77488e-08
-0.112612 -1.79306e-08
-0.112522 -1.80437e-08
-0.112433 -1.82633e-08
-0.112343 -1.83244e-08
-0.112253 -1.85052e-08
-0.112163 -1.85531e-08
-0.112073 -1.85594e-08
-0.111983 -1.86351e-08
-0.111893 -1.87604e-08
-0.111803 -1.87593e-08
-0.111714 -1.88256e-08
-0.111624 -1.87683e-08
-0.111534 -1.88806e-08
-0.111444 -1.89644e-08
-0.111354 -1.89527e-08
-0.111264 -1.88864e-08
-0.111174 -1.89982e-08
-0.111084 -1.89602e-08
-0.110995 -1.89701e-08
-0.110905 -1.89494e-08
-0.110815 -1.90073e-08
-0.110725 -1.8892e-08
-0.110635 -1.8918e-08
-0.110545 -1.88481e-08
-0.110455 -1.85705e-08
-0.110365 -1.85567e-08
-0.110276 -1.85544e-08
-0.110186 -1.84122e-08
-0.110096 -1.82211e-08
-0.110006 -1.81493e-08
-0.109916 -1.80998e-08
-0.109826 -1.79323e-08
-0.109736 -1.77552e-08
-0.109646 -1.77641e-08
-0.109557 -1.77159e-08
-0.109467 -1.77459e-08
-0.109377 -1.78614e-08
-0.109287 -1.77211e-08
-0.109197 -1.7775e-08
-0.109107 -1.78129e-08
-0.109017 -1.77761e-08
-0.108927 -1.7898e-08
-0.108838 -1.79933e-08
-0.108748 -1.81068e-08
-0.108658 -1.82456e-08
-0.108568 -1.8372e-08
-0.108478 -1.8377e-08
-0.108388 -1.8448e-08
-0.108298 -1.85061e-08
-0.108208 -1.84462e-08
-0.108119 -1.84631e-08
-0.108029 -1.85683e-08
-0.107939 -1.85737e-08
-0.107849 -1.85324e-08
-0.107759 -1.83344e-08
-0.107669 -1.83672e-08
-0.107579 -1.80942e-08
-0.107489 -1.80159e-08
-0.1074 -1.78852e-08
-0.10731 -1.77284e-08
-0.10722 -1.74535e-08
-0.10713 -1.74066e-08
-0.10704 -1.71778e-08
-0.10695 -1.71016e-08
-0.10686 -1.68697e-08
-0.106771 -1.67597e-08
-0.106681 -1.67486e-08
-0.106591 -1.66496e-08
-0.106501 -1.66176e-08
-0.106411 -1.65599e-08
-0.106321 -1.65511e-08
-0.106231 -1.64265e-08
-0.106141 -1.6448e-08
-0.106052 -1.63389e-08
-0.105962 -1.62874e-08
-0.105872 -1.61124e-08
-0.105782 -1.60855e-08
-0.105692 -1.59029e-08
-0.105602 -1.57423e-08
-0.105512 -1.55451e-08
-0.105422 -1.54427e-08
-0.105333 -1.52739e-08
-0.105243 -1.51779e-08
-0.105153 -1.51211e-08
-0.105063 -1.50839e-08
-0.104973 -1.50475e-08
-0.104883 -1.49763e-08
-0.104793 -1.50113e-08
-0.104703 -1.50322e-08
-0.104614 -1.51007e-08
-0.104524 -1.50942e-08
-0.104434 -1.51408e-08
-0.104344 -1.50908e-08
-0.104254 -1.51438e-08
-0.104164 -1.52683e-08
-0.104074 -1.54091e-08
-0.103984 -1.54143e-08
-0.103895 -1.55303e-08
-0.103805 -1.55859e-08
-0.103715 -1.56765e-08
-0.103625 -1.5786e-08
-0.103535 -1.58667e-08
-0.103445 -1.60138e-08
-0.103355 -1.61413e-08
-0.103265 -1.62581e-08
-0.103176 -1.62307e-08
-0.103086 -1.6168e-08
-0.102996 -1.61318e-08
-0.102906 -1.6134e-08
-0.102816 -1.60024e-08
-0.102726 -1.59835e-08
-0.102636 -1.5787e-08
-0.102546 -1.56784e-08
-0.102457 -1.56369e-08
-0.102367 -1.54833e-08
-0.102277 -1.54514e-08
-0.102187 -1.53912e-08
-0.102097 -1.54201e-08
-0.102007 -1.53315e-08
-0.101917 -1.52979e-08
-0.101827 -1.52158e-08
-0.101738 -1.51888e-08
-0.101648 -1.50753e-08
-0.101558 -1.51567e-08
-0.101468 -1.51922e-08
-0.101378 -1.52105e-08
-0.101288 -1.52309e-08
-0.101198 -1.52507e-08
-0.101108 -1.52243e-08
-0.101019 -1.51534e-08
-0.100929 -1.51608e-08
-0.100839 -1.50718e-08
-0.100749 -1.49586e-08
-0.100659 -1.4966e-08
-0.100569 -1.49548e-08
-0.100479 -1.4851e-08
-0.100389 -1.4641e-08
-0.1003 -1.44912e-08
-0.10021 -1.43434e-08
-0.10012 -1.42493e-08
-0.10003 -1.41264e-08
-0.0999401 -1.40423e-08
-0.0998502 -1.39772e-08
-0.0997603 -1.39753e-08
-0.0996704 -1.39724e-08
-0.0995806 -1.39315e-08
-0.0994907 -1.39393e-08
-0.0994008 -1.39122e-08
-0.0993109 -1.40038e-08
-0.0992211 -1.40464e-08
-0.0991312 -1.41236e-08
-0.0990413 -1.41293e-08
-0.0989514 -1.42572e-08
-0.0988616 -1.43404e-08
-0.0987717 -1.44425e-08
-0.0986818 -1.45521e-08
-0.098592 -1.46124e-08
-0.0985021 -1.46779e-08
-0.0984122 -1.46969e-08
-0.0983223 -1.46863e-08
-0.0982325 -1.46713e-08
-0.0981426 -1.4753e-08
-0.0980527 -1.47366e-08
-0.0979628 -1.47279e-08
-0.097873 -1.4656e-08
-0.0977831 -1.4527e-08
-0.0976932 -1.44723e-08
-0.0976033 -1.43697e-08
-0.0975135 -1.43508e-08
-0.0974236 -1.42553e-08
-0.0973337 -1.42114e-08
-0.0972438 -1.41746e-08
-0.097154 -1.41157e-08
-0.0970641 -1.4017e-08
-0.0969742 -1.39666e-08
-0.0968843 -1.39292e-08
-0.0967945 -1.39139e-08
-0.0967046 -1.39699e-08
-0.0966147 -1.40194e-08
-0.0965248 -1.40358e-08
-0.096435 -1.4014e-08
-0.0963451 -1.40045e-08
-0.0962552 -1.4032e-08
-0.0961653 -1.39643e-08
-0.0960755 -1.38953e-08
-0.0959856 -1.38696e-08
-0.0958957 -1.38803e-08
-0.0958059 -1.38938e-08
-0.095716 -1.38742e-08
-0.0956261 -1.37816e-08
-0.0955362 -1.37328e-08
-0.0954464 -1.36411e-08
-0.0953565 -1.36127e-08
-0.0952666 -1.35946e-08
-0.0951767 -1.35294e-08
-0.0950869 -1.35031e-08
-0.094997 -1.34159e-08
-0.0949071 -1.33271e-08
-0.0948172 -1.32543e-08
-0.0947274 -1.33066e-08
-0.0946375 -1.33492e-08
-0.0945476 -1.33634e-08
-0.0944577 -1.34012e-08
-0.0943679 -1.3411e-08
-0.094278 -1.34037e-08
-0.0941881 -1.3422e-08
-0.0940982 -1.3408e-08
-0.0940084 -1.34296e-08
-0.0939185 -1.35401e-08
-0.0938286 -1.35991e-08
-0.0937387 -1.36091e-08
-0.0936489 -1.36587e-08
-0.093559 -1.36272e-08
-0.0934691 -1.35936e-08
-0.0933793 -1.35805e-08
-0.0932894 -1.36708e-08
-0.0931995 -1.37103e-08
-0.0931096 -1.37367e-08
-0.0930198 -1.37895e-08
-0.0929299 -1.37974e-08
-0.09284 -1.37116e-08
-0.0927501 -1.37118e-08
-0.0926603 -1.36564e-08
-0.0925704 -1.36093e-08
-0.0924805 -1.35751e-08
-0.0923906 -1.35437e-08
-0.0923008 -1.35114e-08
-0.0922109 -1.33985e-08
-0.092121 -1.32605e-08
-0.0920311 -1.31841e-08
-0.0919413 -1.30868e-08
-0.0918514 -1.30935e-08
-0.0917615 -1.30744e-08
-0.0916716 -1.29824e-08
-0.0915818 -1.28395e-08
-0.0914919 -1.2749e-08
-0.091402 -1.26839e-08
-0.0913121 -1.26091e-08
-0.0912223 -1.24938e-08
-0.0911324 -1.24326e-08
-0.0910425 -1.23614e-08
-0.0909526 -1.23495e-08
-0.0908628 -1.23213e-08
-0.0907729 -1.22546e-08
-0.090683 -1.21556e-08
-0.0905932 -1.21637e-08
-0.0905033 -1.21414e-08
-0.0904134 -1.21362e-08
-0.0903235 -1.20876e-08
-0.0902337 -1.20172e-08
-0.0901438 -1.19407e-08
-0.0900539 -1.18814e-08
-0.089964 -1.18059e-08
-0.0898742 -1.16586e-08
-0.0897843 -1.15006e-08
-0.0896944 -1.13949e-08
-0.0896045 -1.13103e-08
-0.0895147 -1.11908e-08
-0.0894248 -1.11007e-08
-0.0893349 -1.09834e-08
-0.089245 -1.097e-08
-0.0891552 -1.09104e-08
-0.0890653 -1.09012e-08
-0.0889754 -1.08459e-08
-0.0888855 -1.08201e-08
-0.0887957 -1.08424e-08
-0.0887058 -1.08342e-08
-0.0886159 -1.08405e-08
-0.088526 -1.08772e-08
-0.0884362 -1.09534e-08
-0.0883463 -1.10151e-08
-0.0882564 -1.10927e-08
-0.0881665 -1.1122e-08
-0.0880767 -1.12156e-08
-0.0879868 -1.1293e-08
-0.0878969 -1.13475e-08
-0.0878071 -1.13562e-08
-0.0877172 -1.13806e-08
-0.0876273 -1.13664e-08
-0.0875374 -1.13828e-08
-0.0874476 -1.1321e-08
-0.0873577 -1.13079e-08
-0.0872678 -1.12388e-08
-0.0871779 -1.11771e-08
-0.0870881 -1.115e-08
-0.0869982 -1.10658e-08
-0.0869083 -1.10273e-08
-0.0868184 -1.10039e-08
-0.0867286 -1.09814e-08
-0.0866387 -1.09424e-08
-0.0865488 -1.08973e-08
-0.0864589 -1.08474e-08
-0.0863691 -1.07949e-08
-0.0862792 -1.07474e-08
-0.0861893 -1.07963e-08
-0.0860994 -1.07493e-08
-0.0860096 -1.07451e-08
-0.0859197 -1.0744e-08
-0.0858298 -1.07415e-08
-0.0857399 -1.07505e-08
-0.0856501 -1.07951e-08
-0.0855602 -1.08412e-08
-0.0854703 -1.08801e-08
-0.0853805 -1.08854e-08
-0.0852906 -1.08569e-08
-0.0852007 -1.08236e-08
-0.0851108 -1.08046e-08
-0.085021 -1.08233e-08
-0.0849311 -1.07784e-08
-0.0848412 -1.07448e-08
-0.0847513 -1.0649e-08
-0.0846615 -1.05825e-08
-0.0845716 -1.05118e-08
-0.0844817 -1.04665e-08
-0.0843918 -1.03952e-08
-0.084302 -1.0356e-08
-0.0842121 -1.03267e-08
-0.0841222 -1.02908e-08
-0.0840323 -1.02043e-08
-0.0839425 -1.01276e-08
-0.0838526 -1.01078e-08
-0.0837627 -1.00383e-08
-0.0836728 -1.00279e-08
-0.083583 -9.98342e-09
-0.0834931 -1.00075e-08
-0.0834032 -1.00065e-08
-0.0833133 -1.00193e-08
-0.0832235 -1.00573e-08
-0.0831336 -1.00705e-08
-0.0830437 -1.00561e-08
-0.0829538 -1.01133e-08
-0.082864 -1.00992e-08
-0.0827741 -1.01215e-08
-0.0826842 -1.01254e-08
-0.0825944 -1.01161e-08
-0.0825045 -1.01303e-08
-0.0824146 -1.011e-08
-0.0823247 -1.00814e-08
-0.0822349 -1.00685e-08
-0.082145 -1.01012e-08
-0.0820551 -1.01107e-08
-0.0819652 -1.00802e-08
-0.0818754 -1.009e-08
-0.0817855 -1.01233e-08
-0.0816956 -1.01018e-08
-0.0816057 -1.01622e-08
-0.0815159 -1.01605e-08
-0.081426 -1.01763e-08
-0.0813361 -1.0201e-08
-0.0812462 -1.01907e-08
-0.0811564 -1.01877e-08
-0.0810665 -1.01498e-08
-0.0809766 -1.01228e-08
-0.0808867 -1.0129e-08
-0.0807969 -1.01165e-08
-0.080707 -1.00869e-08
-0.0806171 -1.00896e-08
-0.0805272 -1.00392e-08
-0.0804374 -1.00522e-08
-0.0803475 -1.00391e-08
-0.0802576 -1.00428e-08
-0.0801677 -1.00395e-08
-0.0800779 -1.00305e-08
-0.079988 -9.98506e-09
-0.0798981 -9.97932e-09
-0.0798083 -9.94496e-09
-0.0797184 -9.97747e-09
-0.0796285 -9.99099e-09
-0.0795386 -9.99925e-09
-0.0794488 -1.00055e-08
-0.0793589 -1.00396e-08
-0.079269 -1.00621e-08
-0.0791791 -1.00863e-08
-0.0790893 -1.01089e-08
-0.0789994 -1.00886e-08
-0.0789095 -1.008e-08
-0.0788196 -1.00411e-08
-0.0787298 -1.00194e-08
-0.0786399 -9.96154e-09
-0.07855 -9.91342e-09
-0.0784601 -9.85892e-09
-0.0783703 -9.81126e-09
-0.0782804 -9.73735e-09
-0.0781905 -9.67471e-09
-0.0781006 -9.60981e-09
-0.0780108 -9.58681e-09
-0.0779209 -9.5342e-09
-0.077831 -9.46431e-09
-0.0777411 -9.38575e-09
-0.0776513 -9.35397e-09
-0.0775614 -9.3128e-09
-0.0774715 -9.23429e-09
-0.0773817 -9.22423e-09
-0.0772918 -9.20956e-09
-0.0772019 -9.1853e-09
-0.077112 -9.19553e-09
-0.0770222 -9.14514e-09
-0.0769323 -9.1021e-09
-0.0768424 -9.06252e-09
-0.0767525 -9.04486e-09
-0.0766627 -9.03056e-09
-0.0765728 -8.97855e-09
-0.0764829 -8.95323e-09
-0.076393 -8.92302e-09
-0.0763032 -8.88136e-09
-0.0762133 -8.85926e-09
-0.0761234 -8.8253e-09
-0.0760335 -8.79679e-09
-0.0759437 -8.75953e-09
-0.0758538 -8.75431e-09
-0.0757639 -8.72629e-09
-0.075674 -8.68563e-09
-0.0755842 -8.65636e-09
-0.0754943 -8.61519e-09
-0.0754044 -8.5876e-09
-0.0753145 -8.55494e-09
-0.0752247 -8.52702e-09
-0.0751348 -8.50252e-09
-0.0750449 -8.45874e-09
-0.074955 -8.4233e-09
-0.0748652 -8.38993e-09
-0.0747753 -8.36479e-09
-0.0746854 -8.37027e-09
-0.0745956 -8.3542e-09
-0.0745057 -8.32695e-09
-0.0744158 -8.31073e-09
-0.0743259 -8.28612e-09
-0.0742361 -8.23965e-09
-0.0741462 -8.20666e-09
-0.0740563 -8.17863e-09
-0.0739664 -8.15834e-09
-0.0738766 -8.16077e-09
-0.0737867 -8.12896e-09
-0.0736968 -8.11482e-09
-0.0736069 -8.11272e-09
-0.0735171 -8.13202e-09
-0.0734272 -8.12748e-09
-0.0733373 -8.12996e-09
-0.0732474 -8.1552e-09
-0.0731576 -8.1724e-09
-0.0730677 -8.18762e-09
-0.0729778 -8.21917e-09
-0.0728879 -8.22912e-09
-0.0727981 -8.25715e-09
-0.0727082 -8.27956e-09
-0.0726183 -8.28436e-09
-0.0725284 -8.30753e-09
-0.0724386 -8.31022e-09
-0.0723487 -8.33521e-09
-0.0722588 -8.3219e-09
-0.0721689 -8.30707e-09
-0.0720791 -8.25653e-09
-0.0719892 -8.20259e-09
-0.0718993 -8.16218e-09
-0.0718095 -8.13501e-09
-0.0717196 -8.093e-09
-0.0716297 -8.04365e-09
-0.0715398 -8.00079e-09
-0.07145 -7.95912e-09
-0.0713601 -7.90611e-09
-0.0712702 -7.84956e-09
-0.0711803 -7.82882e-09
-0.0710905 -7.81014e-09
-0.0710006 -7.78044e-09
-0.0709107 -7.76834e-09
-0.0708208 -7.77035e-09
-0.070731 -7.74145e-09
-0.0706411 -7.71022e-09
-0.0705512 -7.69432e-09
-0.0704613 -7.68477e-09
-0.0703715 -7.70171e-09
-0.0702816 -7.71336e-09
-0.0701917 -7.70474e-09
-0.0701018 -7.69284e-09
-0.070012 -7.68556e-09
-0.0699221 -7.66115e-09
-0.0698322 -7.62998e-09
-0.0697423 -7.58727e-09
-0.0696525 -7.58738e-09
-0.0695626 -7.57703e-09
-0.0694727 -7.53839e-09
-0.0693829 -7.49206e-09
-0.069293 -7.4637e-09
-0.0692031 -7.44424e-09
-0.0691132 -7.40308e-09
-0.0690234 -7.38563e-09
-0.0689335 -7.33895e-09
-0.0688436 -7.2925e-09
-0.0687537 -7.2676e-09
-0.0686639 -7.24983e-09
-0.068574 -7.20507e-09
-0.0684841 -7.17706e-09
-0.0683942 -7.14837e-09
-0.0683044 -7.10396e-09
-0.0682145 -7.07564e-09
-0.0681246 -7.02956e-09
-0.0680347 -6.98761e-09
-0.0679449 -6.94346e-09
-0.067855 -6.90674e-09
-0.0677651 -6.85461e-09
-0.0676752 -6.81432e-09
-0.0675854 -6.78527e-09
-0.0674955 -6.75347e-09
-0.0674056 -6.69636e-09
-0.0673157 -6.66943e-09
-0.0672259 -6.64518e-09
-0.067136 -6.61486e-09
-0.0670461 -6.59516e-09
-0.0669562 -6.56934e-09
-0.0668664 -6.55679e-09
-0.0667765 -6.53765e-09
-0.0666866 -6.52242e-09
-0.0665968 -6.49554e-09
-0.0665069 -6.49293e-09
-0.066417 -6.49902e-09
-0.0663271 -6.48197e-09
-0.0662373 -6.46963e-09
-0.0661474 -6.46441e-09
-0.0660575 -6.46879e-09
-0.0659676 -6.4655e-09
-0.0658778 -6.45068e-09
-0.0657879 -6.4215e-09
-0.065698 -6.41184e-09
-0.0656081 -6.39412e-09
-0.0655183 -6.38336e-09
-0.0654284 -6.36023e-09
-0.0653385 -6.339e-09
-0.0652486 -6.32734e-09
-0.0651588 -6.30789e-09
-0.0650689 -6.30183e-09
-0.064979 -6.2833e-09
-0.0648891 -6.28354e-09
-0.0647993 -6.25863e-09
-0.0647094 -6.20666e-09
-0.0646195 -6.17684e-09
-0.0645296 -6.14945e-09
-0.0644398 -6.11791e-09
-0.0643499 -6.08224e-09
-0.06426 -6.07444e-09
-0.0641701 -6.06313e-09
-0.0640803 -6.04987e-09
-0.0639904 -6.0388e-09
-0.0639005 -6.03533e-09
-0.0638107 -6.01888e-09
-0.0637208 -6.00763e-09
-0.0636309 -5.99092e-09
-0.063541 -5.99119e-09
-0.0634512 -5.98942e-09
-0.0633613 -5.97696e-09
-0.0632714 -5.98568e-09
-0.0631815 -6.00117e-09
-0.0630917 -6.01232e-09
-0.0630018 -6.03737e-09
-0.0629119 -6.04762e-09
-0.062822 -6.06783e-09
-0.0627322 -6.10552e-09
-0.0626423 -6.13043e-09
-0.0625524 -6.14121e-09
-0.0624625 -6.1559e-09
-0.0623727 -6.17735e-09
-0.0622828 -6.18325e-09
-0.0621929 -6.18758e-09
-0.062103 -6.17525e-09
-0.0620132 -6.17246e-09
-0.0619233 -6.1637e-09
-0.0618334 -6.15687e-09
-0.0617435 -6.15545e-09
-0.0616537 -6.16576e-09
-0.0615638 -6.13911e-09
-0.0614739 -6.1192e-09
-0.0613841 -6.09372e-09
-0.0612942 -6.07437e-09
-0.0612043 -6.06594e-09
-0.0611144 -6.0494e-09
-0.0610246 -6.02817e-09
-0.0609347 -6.00908e-09
-0.0608448 -5.99085e-09
-0.0607549 -5.95626e-09
-0.0606651 -5.939e-09
-0.0605752 -5.93905e-09
-0.0604853 -5.92259e-09
-0.0603954 -5.90712e-09
-0.0603056 -5.8937e-09
-0.0602157 -5.89114e-09
-0.0601258 -5.88365e-09
-0.0600359 -5.85367e-09
-0.0599461 -5.84044e-09
-0.0598562 -5.83463e-09
-0.0597663 -5.8235e-09
-0.0596764 -5.81751e-09
-0.0595866 -5.81372e-09
-0.0594967 -5.81932e-09
-0.0594068 -5.82435e-09
-0.0593169 -5.82393e-09
-0.0592271 -5.83043e-09
-0.0591372 -5.84083e-09
-0.0590473 -5.83161e-09
-0.0589574 -5.81066e-09
-0.0588676 -5.79916e-09
-0.0587777 -5.81037e-09
-0.0586878 -5.80712e-09
-0.058598 -5.80629e-09
-0.0585081 -5.81892e-09
-0.0584182 -5.81895e-09
-0.0583283 -5.81671e-09
-0.0582385 -5.79773e-09
-0.0581486 -5.79919e-09
-0.0580587 -5.7848e-09
-0.0579688 -5.77808e-09
-0.057879 -5.74432e-09
-0.0577891 -5.71726e-09
-0.0576992 -5.67685e-09
-0.0576093 -5.65445e-09
-0.0575195 -5.62389e-09
-0.0574296 -5.59563e-09
-0.0573397 -5.57621e-09
-0.0572498 -5.55729e-09
-0.05716 -5.55272e-09
-0.0570701 -5.53691e-09
-0.0569802 -5.50557e-09
-0.0568903 -5.4828e-09
-0.0568005 -5.44535e-09
-0.0567106 -5.42168e-09
-0.0566207 -5.38086e-09
-0.0565308 -5.35887e-09
-0.056441 -5.32962e-09
-0.0563511 -5.29564e-09
-0.0562612 -5.28331e-09
-0.0561713 -5.25287e-09
-0.0560815 -5.22188e-09
-0.0559916 -5.19949e-09
-0.0559017 -5.17467e-09
-0.0558119 -5.16696e-09
-0.055722 -5.14736e-09
-0.0556321 -5.13058e-09
-0.0555422 -5.11443e-09
-0.0554524 -5.11071e-09
-0.0553625 -5.09771e-09
-0.0552726 -5.10862e-09
-0.0551827 -5.11217e-09
-0.0550929 -5.10346e-09
-0.055003 -5.09122e-09
-0.0549131 -5.08233e-09
-0.0548232 -5.08343e-09
-0.0547334 -5.07449e-09
-0.0546435 -5.06329e-09
-0.0545536 -5.04977e-09
-0.0544637 -5.04432e-09
-0.0543739 -5.03323e-09
-0.054284 -5.01459e-09
-0.0541941 -5.01017e-09
-0.0541042 -4.99434e-09
-0.0540144 -4.98141e-09
-0.0539245 -4.96302e-09
-0.0538346 -4.93984e-09
-0.0537447 -4.91855e-09
-0.0536549 -4.87762e-09
-0.053565 -4.84712e-09
-0.0534751 -4.81828e-09
-0.0533853 -4.79386e-09
-0.0532954 -4.7526e-09
-0.0532055 -4.71156e-09
-0.0531156 -4.68375e-09
-0.0530258 -4.65653e-09
-0.0529359 -4.62926e-09
-0.052846 -4.61478e-09
-0.0527561 -4.59666e-09
-0.0526663 -4.57869e-09
-0.0525764 -4.56207e-09
-0.0524865 -4.5333e-09
-0.0523966 -4.50046e-09
-0.0523068 -4.47655e-09
-0.0522169 -4.45264e-09
-0.052127 -4.41686e-09
-0.0520371 -4.39764e-09
-0.0519473 -4.37889e-09
-0.0518574 -4.34882e-09
-0.0517675 -4.33075e-09
-0.0516776 -4.30814e-09
-0.0515878 -4.29011e-09
-0.0514979 -4.27261e-09
-0.051408 -4.25544e-09
-0.0513181 -4.24679e-09
-0.0512283 -4.23484e-09
-0.0511384 -4.22054e-09
-0.0510485 -4.21305e-09
-0.0509586 -4.20866e-09
-0.0508688 -4.20651e-09
-0.0507789 -4.20919e-09
-0.050689 -4.20809e-09
-0.0505992 -4.21737e-09
-0.0505093 -4.22167e-09
-0.0504194 -4.21423e-09
-0.0503295 -4.2056e-09
-0.0502397 -4.20988e-09
-0.0501498 -4.19826e-09
-0.0500599 -4.19511e-09
-0.04997 -4.19674e-09
-0.0498802 -4.19544e-09
-0.0497903 -4.19136e-09
-0.0497004 -4.1979e-09
-0.0496105 -4.19659e-09
-0.0495207 -4.19185e-09
-0.0494308 -4.17677e-09
-0.0493409 -4.15757e-09
-0.049251 -4.13288e-09
-0.0491612 -4.10541e-09
-0.0490713 -4.0801e-09
-0.0489814 -4.04928e-09
-0.0488915 -4.01541e-09
-0.0488017 -3.99169e-09
-0.0487118 -3.95875e-09
-0.0486219 -3.93716e-09
-0.048532 -3.91696e-09
-0.0484422 -3.88845e-09
-0.0483523 -3.85793e-09
-0.0482624 -3.82497e-09
-0.0481725 -3.79974e-09
-0.0480827 -3.78137e-09
-0.0479928 -3.75907e-09
-0.0479029 -3.72813e-09
-0.0478131 -3.70459e-09
-0.0477232 -3.67697e-09
-0.0476333 -3.65554e-09
-0.0475434 -3.63431e-09
-0.0474536 -3.62111e-09
-0.0473637 -3.62303e-09
-0.0472738 -3.61452e-09
-0.0471839 -3.62029e-09
-0.0470941 -3.62612e-09
-0.0470042 -3.61627e-09
-0.0469143 -3.61344e-09
-0.0468244 -3.60575e-09
-0.0467346 -3.59846e-09
-0.0466447 -3.60159e-09
-0.0465548 -3.59911e-09
-0.0464649 -3.59552e-09
-0.0463751 -3.58873e-09
-0.0462852 -3.58582e-09
-0.0461953 -3.58698e-09
-0.0461054 -3.59217e-09
-0.0460156 -3.59722e-09
-0.0459257 -3.58466e-09
-0.0458358 -3.58849e-09
-0.0457459 -3.58003e-09
-0.0456561 -3.56517e-09
-0.0455662 -3.55798e-09
-0.0454763 -3.54301e-09
-0.0453865 -3.53651e-09
-0.0452966 -3.52161e-09
-0.0452067 -3.51723e-09
-0.0451168 -3.50029e-09
-0.045027 -3.48692e-09
-0.0449371 -3.4869e-09
-0.0448472 -3.47587e-09
-0.0447573 -3.46928e-09
-0.0446675 -3.45775e-09
-0.0445776 -3.44893e-09
-0.0444877 -3.43805e-09
-0.0443978 -3.42878e-09
-0.044308 -3.4157e-09
-0.0442181 -3.40291e-09
-0.0441282 -3.39049e-09
-0.0440383 -3.37037e-09
-0.0439485 -3.36305e-09
-0.0438586 -3.35809e-09
-0.0437687 -3.3421e-09
-0.0436788 -3.30928e-09
-0.043589 -3.29333e-09
-0.0434991 -3.27459e-09
-0.0434092 -3.25325e-09
-0.0433193 -3.23517e-09
-0.0432295 -3.20642e-09
-0.0431396 -3.18784e-09
-0.0430497 -3.18307e-09
-0.0429598 -3.1651e-09
-0.04287 -3.16086e-09
-0.0427801 -3.14796e-09
-0.0426902 -3.12235e-09
-0.0426004 -3.10039e-09
-0.0425105 -3.08317e-09
-0.0424206 -3.05366e-09
-0.0423307 -3.03548e-09
-0.0422409 -3.01295e-09
-0.042151 -2.99692e-09
-0.0420611 -2.98856e-09
-0.0419712 -2.97486e-09
-0.0418814 -2.9682e-09
-0.0417915 -2.96773e-09
-0.0417016 -2.95289e-09
-0.0416117 -2.93136e-09
-0.0415219 -2.92222e-09
-0.041432 -2.91023e-09
-0.0413421 -2.89731e-09
-0.0412522 -2.89329e-09
-0.0411624 -2.88015e-09
-0.0410725 -2.87877e-09
-0.0409826 -2.87259e-09
-0.0408927 -2.8659e-09
-0.0408029 -2.86596e-09
-0.040713 -2.86189e-09
-0.0406231 -2.85459e-09
-0.0405332 -2.85029e-09
-0.0404434 -2.8488e-09
-0.0403535 -2.84296e-09
-0.0402636 -2.83915e-09
-0.0401737 -2.8387e-09
-0.0400839 -2.83178e-09
-0.039994 -2.82321e-09
-0.0399041 -2.81403e-09
-0.0398143 -2.80375e-09
-0.0397244 -2.79276e-09
-0.0396345 -2.78131e-09
-0.0395446 -2.76509e-09
-0.0394548 -2.74815e-09
-0.0393649 -2.73291e-09
-0.039275 -2.70847e-09
-0.0391851 -2.68517e-09
-0.0390953 -2.66438e-09
-0.0390054 -2.64156e-09
-0.0389155 -2.6143e-09
-0.0388256 -2.58633e-09
-0.0387358 -2.56048e-09
-0.0386459 -2.53753e-09
-0.038556 -2.50545e-09
-0.0384661 -2.47535e-09
-0.0383763 -2.44642e-09
-0.0382864 -2.42056e-09
-0.0381965 -2.39824e-09
-0.0381066 -2.37899e-09
-0.0380168 -2.35791e-09
-0.0379269 -2.34214e-09
-0.037837 -2.32351e-09
-0.0377471 -2.3084e-09
-0.0376573 -2.29372e-09
-0.0375674 -2.27245e-09
-0.0374775 -2.25582e-09
-0.0373876 -2.24728e-09
-0.0372978 -2.24248e-09
-0.0372079 -2.23594e-09
-0.037118 -2.222e-09
-0.0370282 -2.21306e-09
-0.0369383 -2.20023e-09
-0.0368484 -2.19902e-09
-0.0367585 -2.19676e-09
-0.0366687 -2.19917e-09
-0.0365788 -2.2014e-09
-0.0364889 -2.19453e-09
-0.036399 -2.19425e-09
-0.0363092 -2.19114e-09
-0.0362193 -2.18697e-09
-0.0361294 -2.18892e-09
-0.0360395 -2.18478e-09
-0.0359497 -2.1769e-09
-0.0358598 -2.17141e-09
-0.0357699 -2.1695e-09
-0.03568 -2.16584e-09
-0.0355902 -2.16436e-09
-0.0355003 -2.16303e-09
-0.0354104 -2.16194e-09
-0.0353205 -2.15961e-09
-0.0352307 -2.15856e-09
-0.0351408 -2.15e-09
-0.0350509 -2.1533e-09
-0.034961 -2.15064e-09
-0.0348712 -2.14603e-09
-0.0347813 -2.1425e-09
-0.0346914 -2.13069e-09
-0.0346016 -2.12016e-09
-0.0345117 -2.10169e-09
-0.0344218 -2.09106e-09
-0.0343319 -2.08391e-09
-0.0342421 -2.08594e-09
-0.0341522 -2.08602e-09
-0.0340623 -2.07366e-09
-0.0339724 -2.06828e-09
-0.0338826 -2.06046e-09
-0.0337927 -2.04983e-09
-0.0337028 -2.03655e-09
-0.0336129 -2.02399e-09
-0.0335231 -2.0044e-09
-0.0334332 -1.98681e-09
-0.0333433 -1.96344e-09
-0.0332534 -1.94712e-09
-0.0331636 -1.9338e-09
-0.0330737 -1.91217e-09
-0.0329838 -1.89529e-09
-0.0328939 -1.87566e-09
-0.0328041 -1.8529e-09
-0.0327142 -1.82567e-09
-0.0326243 -1.8071e-09
-0.0325344 -1.7904e-09
-0.0324446 -1.77785e-09
-0.0323547 -1.75846e-09
-0.0322648 -1.7375e-09
-0.0321749 -1.71805e-09
-0.0320851 -1.69336e-09
-0.0319952 -1.67308e-09
-0.0319053 -1.65056e-09
-0.0318155 -1.62896e-09
-0.0317256 -1.6089e-09
-0.0316357 -1.58638e-09
-0.0315458 -1.5607e-09
-0.031456 -1.55005e-09
-0.0313661 -1.54073e-09
-0.0312762 -1.52689e-09
-0.0311863 -1.51889e-09
-0.0310965 -1.50599e-09
-0.0310066 -1.49801e-09
-0.0309167 -1.48491e-09
-0.0308268 -1.48418e-09
-0.030737 -1.48007e-09
-0.0306471 -1.47196e-09
-0.0305572 -1.45811e-09
-0.0304673 -1.4509e-09
-0.0303775 -1.44991e-09
-0.0302876 -1.4388e-09
-0.0301977 -1.43519e-09
-0.0301078 -1.42985e-09
-0.030018 -1.42865e-09
-0.0299281 -1.4248e-09
-0.0298382 -1.42505e-09
-0.0297483 -1.42986e-09
-0.0296585 -1.42657e-09
-0.0295686 -1.42052e-09
-0.0294787 -1.41587e-09
-0.0293888 -1.41628e-09
-0.029299 -1.40956e-09
-0.0292091 -1.40335e-09
-0.0291192 -1.39758e-09
-0.0290294 -1.39369e-09
-0.0289395 -1.3865e-09
-0.0288496 -1.38755e-09
-0.0287597 -1.38693e-09
-0.0286699 -1.38246e-09
-0.02858 -1.37608e-09
-0.0284901 -1.37644e-09
-0.0284002 -1.37004e-09
-0.0283104 -1.36475e-09
-0.0282205 -1.36087e-09
-0.0281306 -1.35375e-09
-0.0280407 -1.34682e-09
-0.0279509 -1.34345e-09
-0.027861 -1.34455e-09
-0.0277711 -1.3483e-09
-0.0276812 -1.34661e-09
-0.0275914 -1.34705e-09
-0.0275015 -1.34353e-09
-0.0274116 -1.34386e-09
-0.0273217 -1.33679e-09
-0.0272319 -1.34022e-09
-0.027142 -1.33685e-09
-0.0270521 -1.32981e-09
-0.0269622 -1.32401e-09
-0.0268724 -1.32289e-09
-0.0267825 -1.32415e-09
-0.0266926 -1.32118e-09
-0.0266028 -1.31589e-09
-0.0265129 -1.31309e-09
-0.026423 -1.30506e-09
-0.0263331 -1.2946e-09
-0.0262433 -1.28622e-09
-0.0261534 -1.28048e-09
-0.0260635 -1.26599e-09
-0.0259736 -1.25568e-09
-0.0258838 -1.24203e-09
-0.0257939 -1.23318e-09
-0.025704 -1.2203e-09
-0.0256141 -1.21029e-09
-0.0255243 -1.19944e-09
-0.0254344 -1.19276e-09
-0.0253445 -1.18336e-09
-0.0252546 -1.16976e-09
-0.0251648 -1.16467e-09
-0.0250749 -1.15459e-09
-0.024985 -1.14831e-09
-0.0248951 -1.14097e-09
-0.0248053 -1.1279e-09
-0.0247154 -1.11709e-09
-0.0246255 -1.11157e-09
-0.0245356 -1.10936e-09
-0.0244458 -1.10463e-09
-0.0243559 -1.10243e-09
-0.024266 -1.0987e-09
-0.0241761 -1.09821e-09
-0.0240863 -1.106e-09
-0.0239964 -1.11167e-09
-0.0239065 -1.11732e-09
-0.0238167 -1.11913e-09
-0.0237268 -1.11398e-09
-0.0236369 -1.11378e-09
-0.023547 -1.12092e-09
-0.0234572 -1.12145e-09
-0.0233673 -1.11887e-09
-0.0232774 -1.11702e-09
-0.0231875 -1.11479e-09
-0.0230977 -1.11742e-09
-0.0230078 -1.12559e-09
-0.0229179 -1.12283e-09
-0.022828 -1.12784e-09
-0.0227382 -1.12582e-09
-0.0226483 -1.12608e-09
-0.0225584 -1.13178e-09
-0.0224685 -1.13708e-09
-0.0223787 -1.13596e-09
-0.0222888 -1.13254e-09
-0.0221989 -1.13039e-09
-0.022109 -1.13064e-09
-0.0220192 -1.13045e-09
-0.0219293 -1.12971e-09
-0.0218394 -1.12317e-09
-0.0217495 -1.12671e-09
-0.0216597 -1.12218e-09
-0.0215698 -1.12275e-09
-0.0214799 -1.12525e-09
-0.02139 -1.1284e-09
-0.0213002 -1.1287e-09
-0.0212103 -1.12789e-09
-0.0211204 -1.13332e-09
-0.0210306 -1.1388e-09
-0.0209407 -1.1356e-09
-0.0208508 -1.1319e-09
-0.0207609 -1.12931e-09
-0.0206711 -1.13059e-09
-0.0205812 -1.12134e-09
-0.0204913 -1.11672e-09
-0.0204014 -1.12117e-09
-0.0203116 -1.12004e-09
-0.0202217 -1.11447e-09
-0.0201318 -1.11803e-09
-0.0200419 -1.11937e-09
-0.0199521 -1.11707e-09
-0.0198622 -1.10455e-09
-0.0197723 -1.09502e-09
-0.0196824 -1.09058e-09
-0.0195926 -1.08193e-09
-0.0195027 -1.07222e-09
-0.0194128 -1.06185e-09
-0.0193229 -1.05583e-09
-0.0192331 -1.04508e-09
-0.0191432 -1.0387e-09
-0.0190533 -1.03809e-09
-0.0189634 -1.03212e-09
-0.0188736 -1.0227e-09
-0.0187837 -1.01383e-09
-0.0186938 -1.00733e-09
-0.018604 -9.98e-10
-0.0185141 -9.8556e-10
-0.0184242 -9.78059e-10
-0.0183343 -9.6216e-10
-0.0182445 -9.46084e-10
-0.0181546 -9.33347e-10
-0.0180647 -9.19179e-10
-0.0179748 -9.08883e-10
-0.017885 -9.01066e-10
-0.0177951 -8.86305e-10
-0.0177052 -8.79237e-10
-0.0176153 -8.65361e-10
-0.0175255 -8.5023e-10
-0.0174356 -8.34497e-10
-0.0173457 -8.2144e-10
-0.0172558 -8.04808e-10
-0.017166 -7.90372e-10
-0.0170761 -7.70618e-10
-0.0169862 -7.42732e-10
-0.0168963 -7.24351e-10
-0.0168065 -7.13243e-10
-0.0167166 -6.95346e-10
-0.0166267 -6.7718e-10
-0.0165368 -6.59198e-10
-0.016447 -6.47898e-10
-0.0163571 -6.32963e-10
-0.0162672 -6.20451e-10
-0.0161773 -6.06471e-10
-0.0160875 -5.95972e-10
-0.0159976 -5.74815e-10
-0.0159077 -5.57327e-10
-0.0158179 -5.42757e-10
-0.015728 -5.36321e-10
-0.0156381 -5.27611e-10
-0.0155482 -5.17877e-10
-0.0154584 -5.09659e-10
-0.0153685 -5.10241e-10
-0.0152786 -5.09788e-10
-0.0151887 -5.0534e-10
-0.0150989 -5.02279e-10
-0.015009 -4.97097e-10
-0.0149191 -4.91782e-10
-0.0148292 -4.89578e-10
-0.0147394 -4.88655e-10
-0.0146495 -4.92454e-10
-0.0145596 -4.94593e-10
-0.0144697 -4.9979e-10
-0.0143799 -5.02623e-10
-0.01429 -5.168e-10
-0.0142001 -5.25652e-10
-0.0141102 -5.34181e-10
-0.0140204 -5.36049e-10
-0.0139305 -5.414e-10
-0.0138406 -5.49236e-10
-0.0137507 -5.54972e-10
-0.0136609 -5.64033e-10
-0.013571 -5.69536e-10
-0.0134811 -5.74767e-10
-0.0133912 -5.83626e-10
-0.0133014 -5.92219e-10
-0.0132115 -5.98695e-10
-0.0131216 -6.07949e-10
-0.0130318 -6.12555e-10
-0.0129419 -6.08922e-10
-0.012852 -6.15929e-10
-0.0127621 -6.23148e-10
-0.0126723 -6.23218e-10
-0.0125824 -6.26153e-10
-0.0124925 -6.29142e-10
-0.0124026 -6.28438e-10
-0.0123128 -6.30081e-10
-0.0122229 -6.27696e-10
-0.012133 -6.27613e-10
-0.0120431 -6.29288e-10
-0.0119533 -6.24935e-10
-0.0118634 -6.23701e-10
-0.0117735 -6.30753e-10
-0.0116836 -6.37103e-10
-0.0115938 -6.31016e-10
-0.0115039 -6.34507e-10
-0.011414 -6.33755e-10
-0.0113241 -6.32844e-10
-0.0112343 -6.32568e-10
-0.0111444 -6.27294e-10
-0.0110545 -6.29802e-10
-0.0109646 -6.2984e-10
-0.0108748 -6.31343e-10
-0.0107849 -6.33839e-10
-0.010695 -6.3761e-10
-0.0106052 -6.43028e-10
-0.0105153 -6.39557e-10
-0.0104254 -6.38761e-10
-0.0103355 -6.40261e-10
-0.0102457 -6.40266e-10
-0.0101558 -6.35521e-10
-0.0100659 -6.26765e-10
-0.00997603 -6.24636e-10
-0.00988616 -6.23067e-10
-0.00979628 -6.22626e-10
-0.00970641 -6.18864e-10
-0.00961653 -6.12405e-10
-0.00952666 -6.10791e-10
-0.00943679 -6.01212e-10
-0.00934691 -5.95105e-10
-0.00925704 -5.95773e-10
-0.00916716 -5.88618e-10
-0.00907729 -5.77443e-10
-0.00898742 -5.59197e-10
-0.00889754 -5.51313e-10
-0.00880767 -5.39526e-10
-0.00871779 -5.34598e-10
-0.00862792 -5.26115e-10
-0.00853805 -5.14451e-10
-0.00844817 -5.04825e-10
-0.0083583 -4.91815e-10
-0.00826842 -4.831e-10
-0.00817855 -4.74672e-10
-0.00808867 -4.65508e-10
-0.0079988 -4.49688e-10
-0.00790893 -4.34376e-10
-0.00781905 -4.27479e-10
-0.00772918 -4.14021e-10
-0.0076393 -4.10682e-10
-0.00754943 -3.98335e-10
-0.00745956 -3.88e-10
-0.00736968 -3.77725e-10
-0.00727981 -3.66905e-10
-0.00718993 -3.5348e-10
-0.00710006 -3.38625e-10
-0.00701018 -3.30504e-10
-0.00692031 -3.1819e-10
-0.00683044 -3.10214e-10
-0.00674056 -3.04675e-10
-0.00665069 -2.94662e-10
-0.00656081 -2.90148e-10
-0.00647094 -2.80388e-10
-0.00638107 -2.72006e-10
-0.00629119 -2.65142e-10
-0.00620132 -2.55974e-10
-0.00611144 -2.43674e-10
-0.00602157 -2.30276e-10
-0.00593169 -2.29523e-10
-0.00584182 -2.26453e-10
-0.00575195 -2.21223e-10
-0.00566207 -2.18434e-10
-0.0055722 -2.12126e-10
-0.00548232 -2.1704e-10
-0.00539245 -2.13627e-10
-0.00530258 -2.10726e-10
-0.0052127 -2.12159e-10
-0.00512283 -2.07401e-10
-0.00503295 -2.04113e-10
-0.00494308 -1.99176e-10
-0.0048532 -2.0057e-10
-0.00476333 -1.99727e-10
-0.00467346 -1.97119e-10
-0.00458358 -1.94095e-10
-0.00449371 -1.94904e-10
-0.00440383 -2.00046e-10
-0.00431396 -1.95356e-10
-0.00422409 -1.94828e-10
-0.00413421 -1.9607e-10
-0.00404434 -1.9346e-10
-0.00395446 -1.95043e-10
-0.00386459 -1.89182e-10
-0.00377471 -1.80914e-10
-0.00368484 -1.75649e-10
-0.00359497 -1.66807e-10
-0.00350509 -1.57521e-10
-0.00341522 -1.52346e-10
-0.00332534 -1.44614e-10
-0.00323547 -1.34263e-10
-0.0031456 -1.25755e-10
-0.00305572 -1.1934e-10
-0.00296585 -1.16692e-10
-0.00287597 -1.12649e-10
-0.0027861 -1.0178e-10
-0.00269622 -9.17058e-11
-0.00260635 -8.22067e-11
-0.00251648 -6.45747e-11
-0.0024266 -5.17719e-11
-0.00233673 -3.93841e-11
-0.00224685 -2.65333e-11
-0.00215698 -1.82394e-11
-0.00206711 -1.01909e-11
-0.00197723 -5.77152e-12
-0.00188736 -1.46234e-12
-0.00179748 3.14004e-13
-0.00170761 1.78004e-12
-0.00161773 2.47392e-12
-0.00152786 7.38844e-12
-0.00143799 1.71131e-11
-0.00134811 2.28653e-11
-0.00125824 3.38391e-11
-0.00116836 3.74636e-11
-0.00107849 3.46396e-11
-0.000988616 3.19305e-11
-0.000898742 3.39981e-11
-0.000808867 3.45793e-11
-0.000718993 2.59268e-11
-0.000629119 1.5569e-11
-0.000539245 1.45921e-11
-0.000449371 1.0365e-11
-0.000359497 1.13165e-11
-0.000269622 1.65947e-11
-0.000179748 1.65071e-11
-8.98742e-05 8.89174e-12
0 0
8.98742e-05 -2.12198e-12
0.000179748 -2.36622e-12
0.000269622 -7.71334e-12
0.000359497 -2.10672e-11
0.000449371 -2.98994e-11
0.000539245 -3.14184e-11
0.000629119 -3.60581e-11
0.000718993 -3.2274e-11
0.000808867 -3.07211e-11
0.000898742 -3.84013e-11
0.000988616 -4.88406e-11
0.00107849 -5.49405e-11
0.00116836 -5.8944e-11
0.00125824 -6.51245e-11
0.00134811 -7.41843e-11
0.00143799 -8.13454e-11
0.00152786 -9.20385e-11
0.00161773 -9.55776e-11
0.00170761 -9.48612e-11
0.00179748 -9.61653e-11
0.00188736 -1.00585e-10
0.00197723 -1.06201e-10
0.00206711 -1.1246e-10
0.00215698 -1.21184e-10
0.00224685 -1.28803e-10
0.00233673 -1.37571e-10
0.0024266 -1.43291e-10
0.00251648 -1.47993e-10
0.00260635 -1.57675e-10
0.00269622 -1.5804e-10
0.0027861 -1.61515e-10
0.00287597 -1.68986e-10
0.00296585 -1.69926e-10
0.00305572 -1.69735e-10
0.0031456 -1.73668e-10
0.00323547 -1.78963e-10
0.00332534 -1.8484e-10
0.00341522 -1.87667e-10
0.00350509 -1.87e-10
0.00359497 -1.89381e-10
0.00368484 -1.92718e-10
0.00377471 -1.91541e-10
0.00386459 -1.96341e-10
0.00395446 -1.99609e-10
0.00404434 -1.95921e-10
0.00413421 -1.97225e-10
0.00422409 -1.95077e-10
0.00431396 -1.93502e-10
0.00440383 -1.93909e-10
0.00449371 -1.87121e-10
0.00458358 -1.84974e-10
0.00467346 -1.86872e-10
0.00476333 -1.87624e-10
0.0048532 -1.84256e-10
0.00494308 -1.80306e-10
0.00503295 -1.79194e-10
0.00512283 -1.77181e-10
0.0052127 -1.76504e-10
0.00530258 -1.68252e-10
0.00539245 -1.62493e-10
0.00548232 -1.57556e-10
0.0055722 -1.46114e-10
0.00566207 -1.4739e-10
0.00575195 -1.46685e-10
0.00584182 -1.46012e-10
0.00593169 -1.41422e-10
0.00602157 -1.34326e-10
0.00611144 -1.37058e-10
0.00620132 -1.38956e-10
0.00629119 -1.38459e-10
0.00638107 -1.33973e-10
0.00647094 -1.31776e-10
0.00656081 -1.32757e-10
0.00665069 -1.30034e-10
0.00674056 -1.35714e-10
0.00683044 -1.40212e-10
0.00692031 -1.45017e-10
0.00701018 -1.53463e-10
0.00710006 -1.57593e-10
0.00718993 -1.69696e-10
0.00727981 -1.81396e-10
0.00736968 -1.90471e-10
0.00745956 -1.98431e-10
0.00754943 -2.08242e-10
0.0076393 -2.19836e-10
0.00772918 -2.2319e-10
0.00781905 -2.3904e-10
0.00790893 -2.48671e-10
0.0079988 -2.66237e-10
0.00808867 -2.8478e-10
0.00817855 -2.976e-10
0.00826842 -3.12041e-10
0.0083583 -3.24377e-10
0.00844817 -3.39118e-10
0.00853805 -3.5121e-10
0.00862792 -3.66906e-10
0.00871779 -3.77266e-10
0.00880767 -3.82267e-10
0.00889754 -3.93391e-10
0.00898742 -3.99484e-10
0.00907729 -4.14756e-10
0.00916716 -4.23161e-10
0.00925704 -4.30188e-10
0.00934691 -4.29811e-10
0.00943679 -4.32483e-10
0.00952666 -4.38114e-10
0.00961653 -4.37412e-10
0.00970641 -4.43593e-10
0.00979628 -4.44502e-10
0.00988616 -4.39574e-10
0.00997603 -4.38044e-10
0.0100659 -4.36313e-10
0.0101558 -4.38237e-10
0.0102457 -4.36345e-10
0.0103355 -4.31518e-10
0.0104254 -4.24593e-10
0.0105153 -4.19717e-10
0.0106052 -4.17062e-10
0.010695 -4.09056e-10
0.0107849 -4.04205e-10
0.0108748 -3.99438e-10
0.0109646 -3.984e-10
0.0110545 -4.01899e-10
0.0111444 -4.02941e-10
0.0112343 -4.10559e-10
0.0113241 -4.12907e-10
0.011414 -4.14456e-10
0.0115039 -4.16586e-10
0.0115938 -4.13384e-10
0.0116836 -4.18914e-10
0.0117735 -4.15825e-10
0.0118634 -4.13673e-10
0.0119533 -4.22777e-10
0.0120431 -4.37777e-10
0.012133 -4.47572e-10
0.0122229 -4.61237e-10
0.0123128 -4.77879e-10
0.0124026 -4.88841e-10
0.0124925 -5.0338e-10
0.0125824 -5.11952e-10
0.0126723 -5.1803e-10
0.0127621 -5.26594e-10
0.012852 -5.2807e-10
0.0129419 -5.30482e-10
0.0130318 -5.4821e-10
0.0131216 -5.59861e-10
0.0132115 -5.67807e-10
0.0133014 -5.81674e-10
0.0133912 -5.92951e-10
0.0134811 -6.05647e-10
0.013571 -6.19805e-10
0.0136609 -6.30327e-10
0.0137507 -6.36935e-10
0.0138406 -6.43676e-10
0.0139305 -6.46969e-10
0.0140204 -6.50949e-10
0.0141102 -6.58831e-10
0.0142001 -6.62987e-10
0.01429 -6.67685e-10
0.0143799 -6.68409e-10
0.0144697 -6.75725e-10
0.0145596 -6.80115e-10
0.0146495 -6.85663e-10
0.0147394 -6.88514e-10
0.0148292 -6.94254e-10
0.0149191 -6.97854e-10
0.015009 -7.02427e-10
0.0150989 -7.0324e-10
0.0151887 -7.01575e-10
0.0152786 -7.03178e-10
0.0153685 -7.00822e-10
0.0154584 -6.96538e-10
0.0155482 -6.96173e-10
0.0156381 -6.94723e-10
0.015728 -6.91041e-10
0.0158179 -6.82423e-10
0.0159077 -6.79429e-10
0.0159976 -6.7734e-10
0.0160875 -6.80026e-10
0.0161773 -6.70951e-10
0.0162672 -6.67616e-10
0.0163571 -6.61964e-10
0.016447 -6.57969e-10
0.0165368 -6.49945e-10
0.0166267 -6.45152e-10
0.0167166 -6.43152e-10
0.0168065 -6.39737e-10
0.0168963 -6.27028e-10
0.0169862 -6.20482e-10
0.0170761 -6.21442e-10
0.017166 -6.17185e-10
0.0172558 -6.15003e-10
0.0173457 -6.17133e-10
0.0174356 -6.14173e-10
0.0175255 -6.14514e-10
0.0176153 -6.16603e-10
0.0177052 -6.20516e-10
0.0177951 -6.20021e-10
0.017885 -6.26781e-10
0.0179748 -6.25567e-10
0.0180647 -6.27334e-10
0.0181546 -6.32027e-10
0.0182445 -6.3617e-10
0.0183343 -6.45948e-10
0.0184242 -6.56256e-10
0.0185141 -6.57368e-10
0.018604 -6.64434e-10
0.0186938 -6.71197e-10
0.0187837 -6.78223e-10
0.0188736 -6.86418e-10
0.0189634 -6.9387e-10
0.0190533 -6.98086e-10
0.0191432 -6.99073e-10
0.0192331 -7.05023e-10
0.0193229 -7.11499e-10
0.0194128 -7.1331e-10
0.0195027 -7.19255e-10
0.0195926 -7.2266e-10
0.0196824 -7.25907e-10
0.0197723 -7.24583e-10
0.0198622 -7.31046e-10
0.0199521 -7.40454e-10
0.0200419 -7.39183e-10
0.0201318 -7.3676e-10
0.0202217 -7.34244e-10
0.0203116 -7.40775e-10
0.0204014 -7.4332e-10
0.0204913 -7.41759e-10
0.0205812 -7.49031e-10
0.0206711 -7.59942e-10
0.0207609 -7.61922e-10
0.0208508 -7.66783e-10
0.0209407 -7.72523e-10
0.0210306 -7.79549e-10
0.0211204 -7.76899e-10
0.0212103 -7.77812e-10
0.0213002 -7.85565e-10
0.02139 -7.94217e-10
0.0214799 -8.01767e-10
0.0215698 -8.10584e-10
0.0216597 -8.22254e-10
0.0217495 -8.38175e-10
0.0218394 -8.46171e-10
0.0219293 -8.66332e-10
0.0220192 -8.81298e-10
0.022109 -8.95277e-10
0.0221989 -9.06748e-10
0.0222888 -9.2258e-10
0.0223787 -9.38303e-10
0.0224685 -9.54649e-10
0.0225584 -9.65685e-10
0.0226483 -9.74591e-10
0.0227382 -9.90076e-10
0.022828 -1.00763e-09
0.0229179 -1.02212e-09
0.0230078 -1.04759e-09
0.0230977 -1.06149e-09
0.0231875 -1.07995e-09
0.0232774 -1.09963e-09
0.0233673 -1.11894e-09
0.0234572 -1.13862e-09
0.023547 -1.15037e-09
0.0236369 -1.15436e-09
0.0237268 -1.16353e-09
0.0238167 -1.17915e-09
0.0239065 -1.18899e-09
0.0239964 -1.19536e-09
0.0240863 -1.20182e-09
0.0241761 -1.20817e-09
0.024266 -1.22198e-09
0.0243559 -1.23577e-09
0.0244458 -1.24582e-09
0.0245356 -1.25513e-09
0.0246255 -1.25639e-09
0.0247154 -1.25919e-09
0.0248053 -1.26591e-09
0.0248951 -1.27645e-09
0.024985 -1.28181e-09
0.0250749 -1.28442e-09
0.0251648 -1.29488e-09
0.0252546 -1.30224e-09
0.0253445 -1.31683e-09
0.0254344 -1.32625e-09
0.0255243 -1.33273e-09
0.0256141 -1.34323e-09
0.025704 -1.35058e-09
0.0257939 -1.35722e-09
0.0258838 -1.35811e-09
0.0259736 -1.36539e-09
0.0260635 -1.37053e-09
0.0261534 -1.38226e-09
0.0262433 -1.38818e-09
0.0263331 -1.3967e-09
0.026423 -1.40904e-09
0.0265129 -1.42283e-09
0.0266028 -1.43528e-09
0.0266926 -1.44922e-09
0.0267825 -1.45806e-09
0.0268724 -1.459e-09
0.0269622 -1.46188e-09
0.0270521 -1.46821e-09
0.027142 -1.47575e-09
0.0272319 -1.48045e-09
0.0273217 -1.47947e-09
0.0274116 -1.49233e-09
0.0275015 -1.50214e-09
0.0275914 -1.52044e-09
0.0276812 -1.53315e-09
0.0277711 -1.54377e-09
0.027861 -1.5442e-09
0.0279509 -1.54727e-09
0.0280407 -1.55248e-09
0.0281306 -1.55929e-09
0.0282205 -1.56163e-09
0.0283104 -1.55939e-09
0.0284002 -1.56073e-09
0.0284901 -1.56418e-09
0.02858 -1.56492e-09
0.0286699 -1.5741e-09
0.0287597 -1.58075e-09
0.0288496 -1.57825e-09
0.0289395 -1.57114e-09
0.0290294 -1.57248e-09
0.0291192 -1.56879e-09
0.0292091 -1.56108e-09
0.029299 -1.55265e-09
0.0293888 -1.54759e-09
0.0294787 -1.53675e-09
0.0295686 -1.53193e-09
0.0296585 -1.52929e-09
0.0297483 -1.52613e-09
0.0298382 -1.5196e-09
0.0299281 -1.51546e-09
0.030018 -1.51412e-09
0.0301078 -1.51161e-09
0.0301977 -1.50968e-09
0.0302876 -1.50405e-09
0.0303775 -1.50618e-09
0.0304673 -1.49789e-09
0.0305572 -1.49842e-09
0.0306471 -1.5024e-09
0.030737 -1.49693e-09
0.0308268 -1.49029e-09
0.0309167 -1.48267e-09
0.0310066 -1.48583e-09
0.0310965 -1.48531e-09
0.0311863 -1.49019e-09
0.0312762 -1.48896e-09
0.0313661 -1.49016e-09
0.031456 -1.48204e-09
0.0315458 -1.47413e-09
0.0316357 -1.48195e-09
0.0317256 -1.48104e-09
0.0318155 -1.47526e-09
0.0319053 -1.47139e-09
0.0319952 -1.46622e-09
0.0320851 -1.45991e-09
0.0321749 -1.45637e-09
0.0322648 -1.44912e-09
0.0323547 -1.44317e-09
0.0324446 -1.4342e-09
0.0325344 -1.41568e-09
0.0326243 -1.40156e-09
0.0327142 -1.39028e-09
0.0328041 -1.38631e-09
0.0328939 -1.37875e-09
0.0329838 -1.37422e-09
0.0330737 -1.36853e-09
0.0331636 -1.37031e-09
0.0332534 -1.36265e-09
0.0333433 -1.35946e-09
0.0334332 -1.36725e-09
0.0335231 -1.37091e-09
0.0336129 -1.37619e-09
0.0337028 -1.37561e-09
0.0337927 -1.37916e-09
0.0338826 -1.38417e-09
0.0339724 -1.38799e-09
0.0340623 -1.39375e-09
0.0341522 -1.41038e-09
0.0342421 -1.4184e-09
0.0343319 -1.4244e-09
0.0344218 -1.43814e-09
0.0345117 -1.45439e-09
0.0346016 -1.47625e-09
0.0346914 -1.48588e-09
0.0347813 -1.49788e-09
0.0348712 -1.50391e-09
0.034961 -1.51545e-09
0.0350509 -1.52455e-09
0.0351408 -1.52961e-09
0.0352307 -1.54936e-09
0.0353205 -1.56414e-09
0.0354104 -1.57991e-09
0.0355003 -1.59381e-09
0.0355902 -1.60695e-09
0.03568 -1.61557e-09
0.0357699 -1.62519e-09
0.0358598 -1.63285e-09
0.0359497 -1.64124e-09
0.0360395 -1.6518e-09
0.0361294 -1.66328e-09
0.0362193 -1.66968e-09
0.0363092 -1.68775e-09
0.036399 -1.70535e-09
0.0364889 -1.72042e-09
0.0365788 -1.74523e-09
0.0366687 -1.75952e-09
0.0367585 -1.77461e-09
0.0368484 -1.79254e-09
0.0369383 -1.80652e-09
0.0370282 -1.82599e-09
0.037118 -1.84235e-09
0.0372079 -1.86879e-09
0.0372978 -1.88991e-09
0.0373876 -1.90924e-09
0.0374775 -1.92934e-09
0.0375674 -1.95774e-09
0.0376573 -1.99215e-09
0.0377471 -2.02278e-09
0.037837 -2.05199e-09
0.0379269 -2.08272e-09
0.0380168 -2.10774e-09
0.0381066 -2.13433e-09
0.0381965 -2.15685e-09
0.0382864 -2.18266e-09
0.0383763 -2.21018e-09
0.0384661 -2.23728e-09
0.038556 -2.26313e-09
0.0386459 -2.29566e-09
0.0387358 -2.31702e-09
0.0388256 -2.33841e-09
0.0389155 -2.36172e-09
0.0390054 -2.3849e-09
0.0390953 -2.40609e-09
0.0391851 -2.42508e-09
0.039275 -2.44819e-09
0.0393649 -2.46771e-09
0.0394548 -2.47637e-09
0.0395446 -2.48546e-09
0.0396345 -2.49398e-09
0.0397244 -2.50501e-09
0.0398143 -2.51228e-09
0.0399041 -2.52071e-09
0.039994 -2.52732e-09
0.0400839 -2.53519e-09
0.0401737 -2.54531e-09
0.0402636 -2.54943e-09
0.0403535 -2.56149e-09
0.0404434 -2.56874e-09
0.0405332 -2.56922e-09
0.0406231 -2.5732e-09
0.040713 -2.57941e-09
0.0408029 -2.58221e-09
0.0408927 -2.58301e-09
0.0409826 -2.59135e-09
0.0410725 -2.59946e-09
0.0411624 -2.60299e-09
0.0412522 -2.6173e-09
0.0413421 -2.61923e-09
0.041432 -2.6308e-09
0.0415219 -2.63616e-09
0.0416117 -2.64049e-09
0.0417016 -2.65726e-09
0.0417915 -2.66801e-09
0.0418814 -2.66763e-09
0.0419712 -2.66901e-09
0.0420611 -2.67978e-09
0.042151 -2.68576e-09
0.0422409 -2.69386e-09
0.0423307 -2.7044e-09
0.0424206 -2.71076e-09
0.0425105 -2.72558e-09
0.0426004 -2.7245e-09
0.0426902 -2.72834e-09
0.0427801 -2.73513e-09
0.04287 -2.73572e-09
0.0429598 -2.7251e-09
0.0430497 -2.72261e-09
0.0431396 -2.70748e-09
0.0432295 -2.70549e-09
0.0433193 -2.71053e-09
0.0434092 -2.70609e-09
0.0434991 -2.70494e-09
0.043589 -2.69954e-09
0.0436788 -2.69365e-09
0.0437687 -2.70276e-09
0.0438586 -2.69944e-09
0.0439485 -2.68982e-09
0.0440383 -2.69006e-09
0.0441282 -2.70228e-09
0.0442181 -2.7112e-09
0.044308 -2.72472e-09
0.0443978 -2.74017e-09
0.0444877 -2.74429e-09
0.0445776 -2.75504e-09
0.0446675 -2.77058e-09
0.0447573 -2.79357e-09
0.0448472 -2.81355e-09
0.0449371 -2.83934e-09
0.045027 -2.85638e-09
0.0451168 -2.88436e-09
0.0452067 -2.91336e-09
0.0452966 -2.93009e-09
0.0453865 -2.95948e-09
0.0454763 -2.98121e-09
0.0455662 -3.00391e-09
0.0456561 -3.01727e-09
0.0457459 -3.04054e-09
0.0458358 -3.06326e-09
0.0459257 -3.07367e-09
0.0460156 -3.10288e-09
0.0461054 -3.11938e-09
0.0461953 -3.13494e-09
0.0462852 -3.1526e-09
0.0463751 -3.17294e-09
0.0464649 -3.1939e-09
0.0465548 -3.21232e-09
0.0466447 -3.22907e-09
0.0467346 -3.24039e-09
0.0468244 -3.26739e-09
0.0469143 -3.29408e-09
0.0470042 -3.3137e-09
0.0470941 -3.34312e-09
0.0471839 -3.3647e-09
0.0472738 -3.39066e-09
0.0473637 -3.428e-09
0.0474536 -3.4499e-09
0.0475434 -3.47699e-09
0.0476333 -3.50353e-09
0.0477232 -3.53057e-09
0.0478131 -3.55941e-09
0.0479029 -3.58127e-09
0.0479928 -3.6065e-09
0.0480827 -3.62388e-09
0.0481725 -3.64114e-09
0.0482624 -3.66648e-09
0.0483523 -3.69832e-09
0.0484422 -3.72621e-09
0.048532 -3.75453e-09
0.0486219 -3.77212e-09
0.0487118 -3.7881e-09
0.0488017 -3.80668e-09
0.0488915 -3.81054e-09
0.0489814 -3.8207e-09
0.0490713 -3.82445e-09
0.0491612 -3.82857e-09
0.049251 -3.83977e-09
0.0493409 -3.84868e-09
0.0494308 -3.85575e-09
0.0495207 -3.8621e-09
0.0496105 -3.86605e-09
0.0497004 -3.86888e-09
0.0497903 -3.86512e-09
0.0498802 -3.86068e-09
0.04997 -3.85025e-09
0.0500599 -3.83851e-09
0.0501498 -3.82944e-09
0.0502397 -3.8289e-09
0.0503295 -3.8211e-09
0.0504194 -3.82542e-09
0.0505093 -3.82966e-09
0.0505992 -3.82512e-09
0.050689 -3.81647e-09
0.0507789 -3.81128e-09
0.0508688 -3.80233e-09
0.0509586 -3.7978e-09
0.0510485 -3.79388e-09
0.0511384 -3.79288e-09
0.0512283 -3.79122e-09
0.0513181 -3.78995e-09
0.051408 -3.78465e-09
0.0514979 -3.78597e-09
0.0515878 -3.79295e-09
0.0516776 -3.7949e-09
0.0517675 -3.7978e-09
0.0518574 -3.79525e-09
0.0519473 -3.80032e-09
0.0520371 -3.79694e-09
0.052127 -3.7959e-09
0.0522169 -3.80466e-09
0.0523068 -3.80084e-09
0.0523966 -3.80429e-09
0.0524865 -3.81436e-09
0.0525764 -3.81954e-09
0.0526663 -3.81367e-09
0.0527561 -3.80752e-09
0.052846 -3.80222e-09
0.0529359 -3.79414e-09
0.0530258 -3.79954e-09
0.0531156 -3.81068e-09
0.0532055 -3.81969e-09
0.0532954 -3.84159e-09
0.0533853 -3.86326e-09
0.0534751 -3.87267e-09
0.053565 -3.88994e-09
0.0536549 -3.90763e-09
0.0537447 -3.93732e-09
0.0538346 -3.95636e-09
0.0539245 -3.97926e-09
0.0540144 -3.99487e-09
0.0541042 -4.0138e-09
0.0541941 -4.03957e-09
0.054284 -4.05743e-09
0.0543739 -4.08713e-09
0.0544637 -4.11152e-09
0.0545536 -4.13091e-09
0.0546435 -4.15939e-09
0.0547334 -4.18299e-09
0.0548232 -4.20425e-09
0.0549131 -4.22153e-09
0.055003 -4.25127e-09
0.0550929 -4.2842e-09
0.0551827 -4.30366e-09
0.0552726 -4.31132e-09
0.0553625 -4.30872e-09
0.0554524 -4.32065e-09
0.0555422 -4.31945e-09
0.0556321 -4.33372e-09
0.055722 -4.34811e-09
0.0558119 -4.35922e-09
0.0559017 -4.35291e-09
0.0559916 -4.36682e-09
0.0560815 -4.38496e-09
0.0561713 -4.4092e-09
0.0562612 -4.42847e-09
0.0563511 -4.42303e-09
0.056441 -4.43547e-09
0.0565308 -4.44419e-09
0.0566207 -4.44927e-09
0.0567106 -4.4691e-09
0.0568005 -4.47507e-09
0.0568903 -4.49462e-09
0.0569802 -4.50111e-09
0.0570701 -4.52537e-09
0.05716 -4.54327e-09
0.0572498 -4.54453e-09
0.0573397 -4.55478e-09
0.0574296 -4.56325e-09
0.0575195 -4.58239e-09
0.0576093 -4.596e-09
0.0576992 -4.59541e-09
0.0577891 -4.60517e-09
0.057879 -4.60178e-09
0.0579688 -4.61064e-09
0.0580587 -4.60528e-09
0.0581486 -4.61975e-09
0.0582385 -4.61552e-09
0.0583283 -4.63605e-09
0.0584182 -4.6432e-09
0.0585081 -4.65263e-09
0.058598 -4.64781e-09
0.0586878 -4.65287e-09
0.0587777 -4.66005e-09
0.0588676 -4.65356e-09
0.0589574 -4.67502e-09
0.0590473 -4.70251e-09
0.0591372 -4.73059e-09
0.0592271 -4.74715e-09
0.0593169 -4.77869e-09
0.0594068 -4.82303e-09
0.0594967 -4.86542e-09
0.0595866 -4.90623e-09
0.0596764 -4.95552e-09
0.0597663 -5.00297e-09
0.0598562 -5.05026e-09
0.0599461 -5.08661e-09
0.0600359 -5.12734e-09
0.0601258 -5.17471e-09
0.0602157 -5.20734e-09
0.0603056 -5.23415e-09
0.0603954 -5.27298e-09
0.0604853 -5.31978e-09
0.0605752 -5.36123e-09
0.0606651 -5.38847e-09
0.0607549 -5.42634e-09
0.0608448 -5.47208e-09
0.0609347 -5.5026e-09
0.0610246 -5.53397e-09
0.0611144 -5.56696e-09
0.0612043 -5.59956e-09
0.0612942 -5.63156e-09
0.0613841 -5.67299e-09
0.0614739 -5.71019e-09
0.0615638 -5.74036e-09
0.0616537 -5.77921e-09
0.0617435 -5.79429e-09
0.0618334 -5.81774e-09
0.0619233 -5.8508e-09
0.0620132 -5.88326e-09
0.062103 -5.90441e-09
0.0621929 -5.94082e-09
0.0622828 -5.96616e-09
0.0623727 -5.99051e-09
0.0624625 -6.0023e-09
0.0625524 -6.01276e-09
0.0626423 -6.02617e-09
0.0627322 -6.03202e-09
0.062822 -6.02541e-09
0.0629119 -6.02686e-09
0.0630018 -6.02255e-09
0.0630917 -6.00843e-09
0.0631815 -6.00848e-09
0.0632714 -5.99749e-09
0.0633613 -5.98779e-09
0.0634512 -5.99363e-09
0.063541 -5.9818e-09
0.0636309 -5.96292e-09
0.0637208 -5.95981e-09
0.0638107 -5.95203e-09
0.0639005 -5.95043e-09
0.0639904 -5.93129e-09
0.0640803 -5.91777e-09
0.0641701 -5.90401e-09
0.06426 -5.88881e-09
0.0643499 -5.85816e-09
0.0644398 -5.8488e-09
0.0645296 -5.83768e-09
0.0646195 -5.83678e-09
0.0647094 -5.84247e-09
0.0647993 -5.86913e-09
0.0648891 -5.8807e-09
0.064979 -5.86777e-09
0.0650689 -5.86976e-09
0.0651588 -5.86399e-09
0.0652486 -5.87734e-09
0.0653385 -5.88826e-09
0.0654284 -5.91054e-09
0.0655183 -5.9251e-09
0.0656081 -5.92693e-09
0.065698 -5.94187e-09
0.0657879 -5.95525e-09
0.0658778 -5.997e-09
0.0659676 -6.02962e-09
0.0660575 -6.04555e-09
0.0661474 -6.05592e-09
0.0662373 -6.07331e-09
0.0663271 -6.0877e-09
0.066417 -6.10711e-09
0.0665069 -6.09403e-09
0.0665968 -6.08697e-09
0.0666866 -6.11281e-09
0.0667765 -6.12059e-09
0.0668664 -6.13444e-09
0.0669562 -6.14125e-09
0.0670461 -6.15801e-09
0.067136 -6.16918e-09
0.0672259 -6.20014e-09
0.0673157 -6.22625e-09
0.0674056 -6.24723e-09
0.0674955 -6.2869e-09
0.0675854 -6.29772e-09
0.0676752 -6.31172e-09
0.0677651 -6.32891e-09
0.067855 -6.34614e-09
0.0679449 -6.3465e-09
0.0680347 -6.34967e-09
0.0681246 -6.36089e-09
0.0682145 -6.37277e-09
0.0683044 -6.35528e-09
0.0683942 -6.35322e-09
0.0684841 -6.3398e-09
0.068574 -6.32181e-09
0.0686639 -6.32125e-09
0.0687537 -6.29446e-09
0.0688436 -6.27517e-09
0.0689335 -6.27376e-09
0.0690234 -6.2798e-09
0.0691132 -6.26283e-09
0.0692031 -6.26376e-09
0.069293 -6.24748e-09
0.0693829 -6.24487e-09
0.0694727 -6.26977e-09
0.0695626 -6.28634e-09
0.0696525 -6.29446e-09
0.0697423 -6.29442e-09
0.0698322 -6.34674e-09
0.0699221 -6.39563e-09
0.070012 -6.44718e-09
0.0701018 -6.48448e-09
0.0701917 -6.5197e-09
0.0702816 -6.56755e-09
0.0703715 -6.59881e-09
0.0704613 -6.62187e-09
0.0705512 -6.66838e-09
0.0706411 -6.7027e-09
0.070731 -6.7551e-09
0.0708208 -6.79566e-09
0.0709107 -6.8155e-09
0.0710006 -6.85525e-09
0.0710905 -6.90533e-09
0.0711803 -6.93811e-09
0.0712702 -6.9761e-09
0.0713601 -7.04285e-09
0.07145 -7.11156e-09
0.0715398 -7.16885e-09
0.0716297 -7.22277e-09
0.0717196 -7.28113e-09
0.0718095 -7.33866e-09
0.0718993 -7.37678e-09
0.0719892 -7.41038e-09
0.0720791 -7.45825e-09
0.0721689 -7.50558e-09
0.0722588 -7.5376e-09
0.0723487 -7.57806e-09
0.0724386 -7.59661e-09
0.0725284 -7.62633e-09
0.0726183 -7.63029e-09
0.0727082 -7.65523e-09
0.0727981 -7.6752e-09
0.0728879 -7.68238e-09
0.0729778 -7.69428e-09
0.0730677 -7.67912e-09
0.0731576 -7.67269e-09
0.0732474 -7.67127e-09
0.0733373 -7.66578e-09
0.0734272 -7.68118e-09
0.0735171 -7.68672e-09
0.0736069 -7.67602e-09
0.0736968 -7.68567e-09
0.0737867 -7.69611e-09
0.0738766 -7.71617e-09
0.0739664 -7.70149e-09
0.0740563 -7.70124e-09
0.0741462 -7.71043e-09
0.0742361 -7.71883e-09
0.0743259 -7.73839e-09
0.0744158 -7.73971e-09
0.0745057 -7.7462e-09
0.0745956 -7.77329e-09
0.0746854 -7.78314e-09
0.0747753 -7.78174e-09
0.0748652 -7.80112e-09
0.074955 -7.81718e-09
0.0750449 -7.83177e-09
0.0751348 -7.87903e-09
0.0752247 -7.91464e-09
0.0753145 -7.95301e-09
0.0754044 -8.00926e-09
0.0754943 -8.06264e-09
0.0755842 -8.11501e-09
0.075674 -8.16559e-09
0.0757639 -8.22772e-09
0.0758538 -8.28996e-09
0.0759437 -8.33348e-09
0.0760335 -8.40329e-09
0.0761234 -8.46291e-09
0.0762133 -8.51413e-09
0.0763032 -8.55949e-09
0.076393 -8.62472e-09
0.0764829 -8.68365e-09
0.0765728 -8.73656e-09
0.0766627 -8.8236e-09
0.0767525 -8.86503e-09
0.0768424 -8.89513e-09
0.0769323 -8.94279e-09
0.0770222 -8.98855e-09
0.077112 -9.04226e-09
0.0772019 -9.03559e-09
0.0772918 -9.04852e-09
0.0773817 -9.04089e-09
0.0774715 -9.0113e-09
0.0775614 -9.03146e-09
0.0776513 -9.01114e-09
0.0777411 -8.96438e-09
0.077831 -8.96716e-09
0.0779209 -8.97159e-09
0.0780108 -8.95924e-09
0.0781006 -8.92003e-09
0.0781905 -8.90958e-09
0.0782804 -8.88978e-09
0.0783703 -8.88395e-09
0.0784601 -8.84852e-09
0.07855 -8.83442e-09
0.0786399 -8.8151e-09
0.0787298 -8.81035e-09
0.0788196 -8.77189e-09
0.0789095 -8.76055e-09
0.0789994 -8.72981e-09
0.0790893 -8.73259e-09
0.0791791 -8.69944e-09
0.079269 -8.67302e-09
0.0793589 -8.66727e-09
0.0794488 -8.65856e-09
0.0795386 -8.67943e-09
0.0796285 -8.68608e-09
0.0797184 -8.67495e-09
0.0798083 -8.66626e-09
0.0798981 -8.73086e-09
0.079988 -8.76497e-09
0.0800779 -8.82832e-09
0.0801677 -8.86762e-09
0.0802576 -8.88453e-09
0.0803475 -8.88909e-09
0.0804374 -8.91481e-09
0.0805272 -8.90854e-09
0.0806171 -8.95106e-09
0.080707 -8.94871e-09
0.0807969 -8.97867e-09
0.0808867 -8.99625e-09
0.0809766 -8.98928e-09
0.0810665 -9.0138e-09
0.0811564 -9.0597e-09
0.0812462 -9.05835e-09
0.0813361 -9.09804e-09
0.081426 -9.08141e-09
0.0815159 -9.06254e-09
0.0816057 -9.05801e-09
0.0816956 -9.00702e-09
0.0817855 -9.0344e-09
0.0818754 -9.01053e-09
0.0819652 -9.00617e-09
0.0820551 -9.03968e-09
0.082145 -9.04675e-09
0.0822349 -9.04792e-09
0.0823247 -9.09102e-09
0.0824146 -9.14553e-09
0.0825045 -9.2088e-09
0.0825944 -9.23467e-09
0.0826842 -9.28762e-09
0.0827741 -9.31806e-09
0.082864 -9.33792e-09
0.0829538 -9.37266e-09
0.0830437 -9.34692e-09
0.0831336 -9.40234e-09
0.0832235 -9.426e-09
0.0833133 -9.40729e-09
0.0834032 -9.43335e-09
0.0834931 -9.48418e-09
0.083583 -9.52238e-09
0.0836728 -9.64218e-09
0.0837627 -9.70567e-09
0.0838526 -9.80101e-09
0.0839425 -9.83223e-09
0.0840323 -9.94103e-09
0.0841222 -1.00512e-08
0.0842121 -1.01138e-08
0.084302 -1.01776e-08
0.0843918 -1.02407e-08
0.0844817 -1.03281e-08
0.0845716 -1.03804e-08
0.0846615 -1.0462e-08
0.0847513 -1.05441e-08
0.0848412 -1.06676e-08
0.0849311 -1.07221e-08
0.085021 -1.07748e-08
0.0851108 -1.07436e-08
0.0852007 -1.07514e-08
0.0852906 -1.07593e-08
0.0853805 -1.07858e-08
0.0854703 -1.08017e-08
0.0855602 -1.0808e-08
0.0856501 -1.0778e-08
0.0857399 -1.07429e-08
0.0858298 -1.07377e-08
0.0859197 -1.0717e-08
0.0860096 -1.06821e-08
0.0860994 -1.06653e-08
0.0861893 -1.06731e-08
0.0862792 -1.05909e-08
0.0863691 -1.05801e-08
0.0864589 -1.05684e-08
0.0865488 -1.05455e-08
0.0866387 -1.05316e-08
0.0867286 -1.05363e-08
0.0868184 -1.05227e-08
0.0869083 -1.0503e-08
0.0869982 -1.05042e-08
0.0870881 -1.05465e-08
0.0871779 -1.05028e-08
0.0872678 -1.05205e-08
0.0873577 -1.05595e-08
0.0874476 -1.05527e-08
0.0875374 -1.06169e-08
0.0876273 -1.06388e-08
0.0877172 -1.06889e-08
0.0878071 -1.07223e-08
0.0878969 -1.07876e-08
0.0879868 -1.08258e-08
0.0880767 -1.08621e-08
0.0881665 -1.09034e-08
0.0882564 -1.10397e-08
0.0883463 -1.11117e-08
0.0884362 -1.11777e-08
0.088526 -1.12161e-08
0.0886159 -1.12767e-08
0.0887058 -1.13493e-08
0.0887957 -1.1431e-08
0.0888855 -1.14594e-08
0.0889754 -1.15232e-08
0.0890653 -1.15842e-08
0.0891552 -1.1601e-08
0.089245 -1.16346e-08
0.0893349 -1.15932e-08
0.0894248 -1.16477e-08
0.0895147 -1.16732e-08
0.0896045 -1.16967e-08
0.0896944 -1.16892e-08
0.0897843 -1.1689e-08
0.0898742 -1.1716e-08
0.089964 -1.17307e-08
0.0900539 -1.16826e-08
0.0901438 -1.16333e-08
0.0902337 -1.16173e-08
0.0903235 -1.16372e-08
0.0904134 -1.16455e-08
0.0905033 -1.16346e-08
0.0905932 -1.16451e-08
0.090683 -1.16341e-08
0.0907729 -1.16817e-08
0.0908628 -1.17123e-08
0.0909526 -1.17261e-08
0.0910425 -1.17328e-08
0.0911324 -1.17933e-08
0.0912223 -1.18294e-08
0.0913121 -1.18919e-08
0.091402 -1.19053e-08
0.0914919 -1.19156e-08
0.0915818 -1.19343e-08
0.0916716 -1.19869e-08
0.0917615 -1.20225e-08
0.0918514 -1.20204e-08
0.0919413 -1.19621e-08
0.0920311 -1.201e-08
0.092121 -1.20148e-08
0.0922109 -1.20652e-08
0.0923008 -1.20958e-08
0.0923906 -1.20843e-08
0.0924805 -1.20788e-08
0.0925704 -1.20702e-08
0.0926603 -1.20937e-08
0.0927501 -1.21345e-08
0.09284 -1.21239e-08
0.0929299 -1.22222e-08
0.0930198 -1.2222e-08
0.0931096 -1.21632e-08
0.0931995 -1.21513e-08
0.0932894 -1.21795e-08
0.0933793 -1.21364e-08
0.0934691 -1.21302e-08
0.093559 -1.21289e-08
0.0936489 -1.21256e-08
0.0937387 -1.20451e-08
0.0938286 -1.20143e-08
0.0939185 -1.19434e-08
0.0940084 -1.18467e-08
0.0940982 -1.18478e-08
0.0941881 -1.18861e-08
0.094278 -1.18616e-08
0.0943679 -1.18642e-08
0.0944577 -1.18726e-08
0.0945476 -1.18839e-08
0.0946375 -1.19453e-08
0.0947274 -1.20038e-08
0.0948172 -1.20413e-08
0.0949071 -1.21506e-08
0.094997 -1.22435e-08
0.0950869 -1.23472e-08
0.0951767 -1.24059e-08
0.0952666 -1.25268e-08
0.0953565 -1.26147e-08
0.0954464 -1.27531e-08
0.0955362 -1.29391e-08
0.0956261 -1.30715e-08
0.095716 -1.32347e-08
0.0958059 -1.33205e-08
0.0958957 -1.33897e-08
0.0959856 -1.34611e-08
0.0960755 -1.35754e-08
0.0961653 -1.36769e-08
0.0962552 -1.37617e-08
0.0963451 -1.3749e-08
0.096435 -1.37623e-08
0.0965248 -1.37983e-08
0.0966147 -1.38514e-08
0.0967046 -1.38354e-08
0.0967945 -1.38114e-08
0.0968843 -1.38154e-08
0.0969742 -1.38586e-08
0.0970641 -1.39168e-08
0.097154 -1.4001e-08
0.0972438 -1.40662e-08
0.0973337 -1.41055e-08
0.0974236 -1.41379e-08
0.0975135 -1.4192e-08
0.0976033 -1.41634e-08
0.0976932 -1.41887e-08
0.0977831 -1.42049e-08
0.097873 -1.43295e-08
0.0979628 -1.44033e-08
0.0980527 -1.44214e-08
0.0981426 -1.4478e-08
0.0982325 -1.44157e-08
0.0983223 -1.44889e-08
0.0984122 -1.45799e-08
0.0985021 -1.46984e-08
0.098592 -1.47919e-08
0.0986818 -1.48967e-08
0.0987717 -1.49787e-08
0.0988616 -1.50419e-08
0.0989514 -1.50777e-08
0.0990413 -1.5074e-08
0.0991312 -1.51584e-08
0.0992211 -1.51551e-08
0.0993109 -1.51896e-08
0.0994008 -1.51291e-08
0.0994907 -1.5162e-08
0.0995806 -1.51005e-08
0.0996704 -1.50644e-08
0.0997603 -1.49538e-08
0.0998502 -1.48063e-08
0.0999401 -1.47096e-08
0.10003 -1.46483e-08
0.10012 -1.45865e-08
0.10021 -1.44314e-08
0.1003 -1.43102e-08
0.100389 -1.41933e-08
0.100479 -1.41325e-08
0.100569 -1.39956e-08
0.100659 -1.38001e-08
0.100749 -1.36321e-08
0.100839 -1.3631e-08
0.100929 -1.36486e-08
0.101019 -1.35811e-08
0.101108 -1.36185e-08
0.101198 -1.36407e-08
0.101288 -1.36296e-08
0.101378 -1.36703e-08
0.101468 -1.37347e-08
0.101558 -1.38006e-08
0.101648 -1.378e-08
0.101738 -1.3913e-08
0.101827 -1.39745e-08
0.101917 -1.41005e-08
0.102007 -1.41767e-08
0.102097 -1.42901e-08
0.102187 -1.42833e-08
0.102277 -1.43996e-08
0.102367 -1.45151e-08
0.102457 -1.46993e-08
0.102546 -1.47628e-08
0.102636 -1.48698e-08
0.102726 -1.50903e-08
0.102816 -1.51707e-08
0.102906 -1.53491e-08
0.102996 -1.53158e-08
0.103086 -1.53313e-08
0.103176 -1.54034e-08
0.103265 -1.54728e-08
0.103355 -1.54278e-08
0.103445 -1.53927e-08
0.103535 -1.53345e-08
0.103625 -1.53563e-08
0.103715 -1.53648e-08
0.103805 -1.54418e-08
0.103895 -1.55236e-08
0.103984 -1.55312e-08
0.104074 -1.56809e-08
0.104164 -1.57156e-08
0.104254 -1.57333e-08
0.104344 -1.58174e-08
0.104434 -1.5919e-08
0.104524 -1.58861e-08
0.104614 -1.59652e-08
0.104703 -1.59759e-08
0.104793 -1.59921e-08
0.104883 -1.59577e-08
0.104973 -1.60189e-08
0.105063 -1.60287e-08
0.105153 -1.60342e-08
0.105243 -1.60547e-08
0.105333 -1.61274e-08
0.105422 -1.61961e-08
0.105512 -1.62386e-08
0.105602 -1.62891e-08
0.105692 -1.62735e-08
0.105782 -1.62756e-08
0.105872 -1.61896e-08
0.105962 -1.62196e-08
0.106052 -1.62455e-08
0.106141 -1.63389e-08
0.106231 -1.63015e-08
0.106321 -1.63462e-08
0.106411 -1.62954e-08
0.106501 -1.63466e-08
0.106591 -1.63834e-08
0.106681 -1.65491e-08
0.106771 -1.66055e-08
0.10686 -1.67331e-08
0.10695 -1.68721e-08
0.10704 -1.68432e-08
0.10713 -1.69333e-08
0.10722 -1.68801e-08
0.10731 -1.70945e-08
0.1074 -1.72246e-08
0.107489 -1.72967e-08
0.107579 -1.73607e-08
0.107669 -1.75813e-08
0.107759 -1.74816e-08
0.107849 -1.76444e-08
0.107939 -1.77137e-08
0.108029 -1.78196e-08
0.108119 -1.77775e-08
0.108208 -1.78698e-08
0.108298 -1.79976e-08
0.108388 -1.79506e-08
0.108478 -1.79017e-08
0.108568 -1.79526e-08
0.108658 -1.79214e-08
0.108748 -1.79205e-08
0.108838 -1.79049e-08
0.108927 -1.7874e-08
0.109017 -1.77379e-08
0.109107 -1.77067e-08
0.109197 -1.75892e-08
0.109287 -1.73813e-08
0.109377 -1.73719e-08
0.109467 -1.71741e-08
0.109557 -1.70346e-08
0.109646 -1.68543e-08
0.109736 -1.66377e-08
0.109826 -1.65979e-08
0.109916 -1.65579e-08
0.110006 -1.64717e-08
0.110096 -1.6434e-08
0.110186 -1.65369e-08
0.110276 -1.66206e-08
0.110365 -1.66627e-08
0.110455 -1.66866e-08
0.110545 -1.6997e-08
0.110635 -1.71461e-08
0.110725 -1.7186e-08
0.110815 -1.7405e-08
0.110905 -1.74575e-08
0.110995 -1.76214e-08
0.111084 -1.77186e-08
0.111174 -1.78397e-08
0.111264 -1.78913e-08
0.111354 -1.81024e-08
0.111444 -1.81772e-08
0.111534 -1.8125e-08
0.111624 -1.7981e-08
0.111714 -1.80739e-08
0.111803 -1.8075e-08
0.111893 -1.81098e-08
0.111983 -1.79924e-08
0.112073 -1.78968e-08
0.112163 -1.79384e-08
0.112253 -1.80419e-08
0.112343 -1.7933e-08
0.112433 -1.79064e-08
0.112522 -1.77734e-08
0.112612 -1.77745e-08
0.112702 -1.76742e-08
0.112792 -1.76023e-08
0.112882 -1.75921e-08
0.112972 -1.76115e-08
0.113062 -1.76761e-08
0.113152 -1.77009e-08
0.113241 -1.76512e-08
0.113331 -1.77532e-08
0.113421 -1.78771e-08
0.113511 -1.79979e-08
0.113601 -1.83995e-08
0.113691 -1.86076e-08
0.113781 -1.88986e-08
0.113871 -1.9087e-08
0.11396 -1.93602e-08
0.11405 -1.95756e-08
0.11414 -1.98896e-08
0.11423 -2.00971e-08
0.11432 -2.03079e-08
0.11441 -2.03582e-08
0.1145 -2.04728e-08
0.11459 -2.03433e-08
0.114679 -2.02911e-08
0.114769 -2.01838e-08
0.114859 -2.02045e-08
0.114949 -2.02568e-08
0.115039 -1.9982e-08
0.115129 -1.97322e-08
0.115219 -1.97236e-08
0.115309 -1.95663e-08
0.115398 -1.94578e-08
0.115488 -1.93003e-08
0.115578 -1.93062e-08
0.115668 -1.94459e-08
0.115758 -1.95137e-08
0.115848 -1.97188e-08
0.115938 -1.98616e-08
0.116028 -1.9909e-08
0.116117 -2.03786e-08
0.116207 -2.05736e-08
0.116297 -2.07618e-08
0.116387 -2.08638e-08
0.116477 -2.11998e-08
0.116567 -2.1538e-08
0.116657 -2.17561e-08
0.116747 -2.18435e-08
0.116836 -2.19351e-08
0.116926 -2.18822e-08
0.117016 -2.19671e-08
0.117106 -2.19799e-08
0.117196 -2.18628e-08
0.117286 -2.16121e-08
0.117376 -2.14537e-08
0.117466 -2.13738e-08
0.117555 -2.10292e-08
0.117645 -2.08729e-08
0.117735 -2.05072e-08
0.117825 -2.02484e-08
0.117915 -1.98916e-08
0.118005 -1.95119e-08
0.118095 -1.92411e-08
0.118185 -1.89381e-08
0.118274 -1.87285e-08
0.118364 -1.86804e-08
0.118454 -1.86568e-08
0.118544 -1.86933e-08
0.118634 -1.84743e-08
0.118724 -1.82811e-08
0.118814 -1.82936e-08
0.118904 -1.85179e-08
0.118993 -1.89265e-08
0.119083 -1.92395e-08
0.119173 -1.94685e-08
0.119263 -1.97167e-08
0.119353 -1.99875e-08
0.119443 -2.02345e-08
0.119533 -2.02818e-08
0.119623 -2.06798e-08
0.119712 -2.11143e-08
0.119802 -2.15254e-08
0.119892 -2.1518e-08
0.119982 -2.1542e-08
0.120072 -2.12913e-08
0.120162 -2.12397e-08
0.120252 -2.13054e-08
0.120341 -2.1369e-08
0.120431 -2.11379e-08
0.120521 -2.10453e-08
0.120611 -2.07721e-08
0.120701 -2.0283e-08
0.120791 -1.99708e-08
0.120881 -2.02892e-08
0.120971 -2.05352e-08
0.12106 -2.07207e-08
0.12115 -2.11854e-08
0.12124 -2.13627e-08
0.12133 -2.15223e-08
0.12142 -2.20558e-08
0.12151 -2.23083e-08
0.1216 -2.26194e-08
0.12169 -2.30634e-08
0.121779 -2.34304e-08
0.121869 -2.3366e-08
0.121959 -2.31874e-08
0.122049 -2.31581e-08
0.122139 -2.32169e-08
0.122229 -2.31824e-08
0.122319 -2.31715e-08
0.122409 -2.29687e-08
0.122498 -2.25732e-08
0.122588 -2.23942e-08
0.122678 -2.20923e-08
0.122768 -2.17629e-08
0.122858 -2.17814e-08
0.122948 -2.16546e-08
0.123038 -2.13051e-08
0.123128 -2.10358e-08
0.123217 -2.02171e-08
0.123307 -2.01754e-08
0.123397 -2.00194e-08
0.123487 -2.00357e-08
0.123577 -1.98757e-08
0.123667 -2.00646e-08
0.123757 -2.01616e-08
0.123847 -2.02869e-08
0.123936 -2.00585e-08
0.124026 -2.08598e-08
0.124116 -2.13214e-08
0.124206 -2.22792e-08
0.124296 -2.32685e-08
0.124386 -2.38479e-08
0.124476 -2.45336e-08
0.124566 -2.51012e-08
0.124655 -2.58175e-08
0.124745 -2.59968e-08
0.124835 -2.60774e-08
0.124925 -2.62827e-08
0.125015 -2.63925e-08
0.125105 -2.60571e-08
0.125195 -2.56278e-08
0.125285 -2.52038e-08
0.125374 -2.45944e-08
0.125464 -2.37562e-08
0.125554 -2.3025e-08
0.125644 -2.253e-08
0.125734 -2.18431e-08
0.125824 -2.14927e-08
0.125914 -2.09554e-08
0.126004 -2.0525e-08
0.126093 -1.96918e-08
0.126183 -1.96e-08
0.126273 -1.9591e-08
0.126363 -1.92747e-08
0.126453 -1.92859e-08
0.126543 -1.93842e-08
0.126633 -1.9449e-08
0.126723 -1.96409e-08
0.126812 -1.94287e-08
0.126902 -1.98158e-08
0.126992 -1.99033e-08
0.127082 -2.01593e-08
0.127172 -2.05054e-08
0.127262 -2.05011e-08
0.127352 -2.0723e-08
0.127442 -2.10151e-08
0.127531 -2.08533e-08
0.127621 -2.1146e-08
0.127711 -2.09106e-08
0.127801 -2.0939e-08
0.127891 -2.1157e-08
0.127981 -2.0621e-08
0.128071 -2.06218e-08
0.128161 -2.05664e-08
0.12825 -2.02828e-08
0.12834 -1.96689e-08
0.12843 -1.90997e-08
0.12852 -1.90494e-08
0.12861 -1.86713e-08
0.1287 -1.85016e-08
0.12879 -1.87882e-08
0.12888 -1.86325e-08
0.128969 -1.87716e-08
0.129059 -1.88098e-08
0.129149 -1.85433e-08
0.129239 -1.8313e-08
0.129329 -1.86237e-08
0.129419 -1.8737e-08
0.129509 -1.86863e-08
0.129599 -1.84585e-08
0.129688 -1.92122e-08
0.129778 -1.9497e-08
0.129868 -2.00602e-08
0.129958 -1.99613e-08
0.130048 -2.04358e-08
0.130138 -2.08123e-08
0.130228 -2.13075e-08
0.130318 -2.16657e-08
0.130407 -2.21177e-08
0.130497 -2.28476e-08
0.130587 -2.35276e-08
0.130677 -2.37802e-08
0.130767 -2.36997e-08
0.130857 -2.36465e-08
0.130947 -2.37748e-08
0.131037 -2.42535e-08
0.131126 -2.41787e-08
0.131216 -2.43696e-08
0.131306 -2.46257e-08
0.131396 -2.49446e-08
0.131486 -2.48364e-08
0.131576 -2.45472e-08
0.131666 -2.45259e-08
0.131756 -2.4889e-08
0.131845 -2.48712e-08
0.131935 -2.43421e-08
0.132025 -2.3939e-08
0.132115 -2.36525e-08
0.132205 -2.30527e-08
0.132295 -2.25899e-08
0.132385 -2.22756e-08
0.132475 -2.1371e-08
0.132564 -2.05852e-08
0.132654 -1.96175e-08
0.132744 -1.8521e-08
0.132834 -1.76425e-08
0.132924 -1.67997e-08
0.133014 -1.65098e-08
0.133104 -1.60727e-08
0.133194 -1.56347e-08
0.133283 -1.58755e-08
0.133373 -1.52832e-08
0.133463 -1.47683e-08
0.133553 -1.51139e-08
0.133643 -1.56163e-08
0.133733 -1.66833e-08
0.133823 -1.72942e-08
0.133912 -1.77438e-08
0.134002 -1.85345e-08
0.134092 -1.88368e-08
0.134182 -1.96867e-08
0.134272 -1.99387e-08
0.134362 -2.05412e-08
0.134452 -2.1254e-08
0.134542 -2.17067e-08
0.134631 -2.13777e-08
0.134721 -2.11729e-08
0.134811 -2.06045e-08
