-0.134811 -2.26587e-08
-0.134721 -2.30136e-08
-0.134631 -2.27989e-08
-0.134542 -2.27639e-08
-0.134452 -2.24706e-08
-0.134362 -2.23824e-08
-0.134272 -2.23911e-08
-0.134182 -2.26404e-08
-0.134092 -2.24154e-08
-0.134002 -2.24098e-08
-0.133912 -2.21041e-08
-0.133823 -2.20266e-08
-0.133733 -2.15524e-08
-0.133643 -2.08689e-08
-0.133553 -2.05374e-08
-0.133463 -2.02703e-08
-0.133373 -2.03023e-08
-0.133283 -2.04248e-08
-0.133194 -1.99909e-08
-0.133104 -1.98099e-08
-0.133014 -1.96758e-08
-0.132924 -1.94102e-08
-0.132834 -1.95763e-08
-0.132744 -1.95373e-08
-0.132654 -1.97755e-08
-0.132564 -2.00087e-08
-0.132475 -2.00195e-08
-0.132385 -2.01401e-08
-0.132295 -2.01243e-08
-0.132205 -2.03162e-08
-0.132115 -2.05808e-08
-0.132025 -2.06121e-08
-0.131935 -2.0821e-08
-0.131845 -2.10659e-08
-0.131756 -2.12684e-08
-0.131666 -2.15856e-08
-0.131576 -2.20135e-08
-0.131486 -2.27513e-08
-0.131396 -2.32757e-08
-0.131306 -2.36094e-08
-0.131216 -2.37466e-08
-0.131126 -2.40446e-08
-0.131037 -2.46261e-08
-0.130947 -2.4749e-08
-0.130857 -2.5227e-08
-0.130767 -2.57398e-08
-0.130677 -2.60427e-08
-0.130587 -2.58823e-08
-0.130497 -2.54916e-08
-0.130407 -2.49943e-08
-0.130318 -2.47374e-08
-0.130228 -2.45389e-08
-0.130138 -2.42669e-08
-0.130048 -2.39504e-08
-0.129958 -2.3353e-08
-0.129868 -2.32884e-08
-0.129778 -2.25658e-08
-0.129688 -2.22757e-08
-0.129599 -2.16664e-08
-0.129509 -2.19081e-08
-0.129419 -2.21977e-08
-0.129329 -2.22523e-08
-0.129239 -2.21587e-08
-0.129149 -2.26971e-08
-0.129059 -2.31339e-08
-0.128969 -2.34789e-08
-0.12888 -2.37767e-08
-0.12879 -2.43e-08
-0.1287 -2.43243e-08
-0.12861 -2.44863e-08
-0.12852 -2.4595e-08
-0.12843 -2.46286e-08
-0.12834 -2.488e-08
-0.12825 -2.53633e-08
-0.128161 -2.52704e-08
-0.128071 -2.47909e-08
-0.127981 -2.45972e-08
-0.127891 -2.48776e-08
-0.127801 -2.43706e-08
-0.127711 -2.41418e-08
-0.127621 -2.42759e-08
-0.127531 -2.39881e-08
-0.127442 -2.40056e-08
-0.127352 -2.34929e-08
-0.127262 -2.31674e-08
-0.127172 -2.30856e-08
-0.127082 -2.28011e-08
-0.126992 -2.26376e-08
-0.126902 -2.24495e-08
-0.126812 -2.2031e-08
-0.126723 -2.23492e-08
-0.126633 -2.21611e-08
-0.126543 -2.21953e-08
-0.126453 -2.20667e-08
-0.126363 -2.19623e-08
-0.126273 -2.23416e-08
-0.126183 -2.23333e-08
-0.126093 -2.22916e-08
-0.126004 -2.28389e-08
-0.125914 -2.28231e-08
-0.125824 -2.30059e-08
-0.125734 -2.30508e-08
-0.125644 -2.33931e-08
-0.125554 -2.35455e-08
-0.125464 -2.39833e-08
-0.125374 -2.46865e-08
-0.125285 -2.53603e-08
-0.125195 -2.57319e-08
-0.125105 -2.60564e-08
-0.125015 -2.6325e-08
-0.124925 -2.64647e-08
-0.124835 -2.67423e-08
-0.124745 -2.7109e-08
-0.124655 -2.72726e-08
-0.124566 -2.68661e-08
-0.124476 -2.65504e-08
-0.124386 -2.60278e-08
-0.124296 -2.5426e-08
-0.124206 -2.45382e-08
-0.124116 -2.37375e-08
-0.124026 -2.34238e-08
-0.123936 -2.26435e-08
-0.123847 -2.25553e-08
-0.123757 -2.19441e-08
-0.123667 -2.14234e-08
-0.123577 -2.08826e-08
-0.123487 -2.07484e-08
-0.123397 -2.05382e-08
-0.123307 -2.03705e-08
-0.123217 -2.01053e-08
-0.123128 -2.06648e-08
-0.123038 -2.0769e-08
-0.122948 -2.09914e-08
-0.122858 -2.11285e-08
-0.122768 -2.11798e-08
-0.122678 -2.16324e-08
-0.122588 -2.20496e-08
-0.122498 -2.23734e-08
-0.122409 -2.2922e-08
-0.122319 -2.33276e-08
-0.122229 -2.36881e-08
-0.122139 -2.39501e-08
-0.122049 -2.4154e-08
-0.121959 -2.44291e-08
-0.121869 -2.48501e-08
-0.121779 -2.52434e-08
-0.12169 -2.52934e-08
-0.1216 -2.52141e-08
-0.12151 -2.52662e-08
-0.12142 -2.5303e-08
-0.12133 -2.50547e-08
-0.12124 -2.48946e-08
-0.12115 -2.47433e-08
-0.12106 -2.44349e-08
-0.120971 -2.43471e-08
-0.120881 -2.41208e-08
-0.120791 -2.36844e-08
-0.120701 -2.34447e-08
-0.120611 -2.34512e-08
-0.120521 -2.34117e-08
-0.120431 -2.31881e-08
-0.120341 -2.30955e-08
-0.120252 -2.29298e-08
-0.120162 -2.28958e-08
-0.120072 -2.29182e-08
-0.119982 -2.31623e-08
-0.119892 -2.29566e-08
-0.119802 -2.28032e-08
-0.119712 -2.24095e-08
-0.119623 -2.22621e-08
-0.119533 -2.20769e-08
-0.119443 -2.23147e-08
-0.119353 -2.23212e-08
-0.119263 -2.22283e-08
-0.119173 -2.21181e-08
-0.119083 -2.22193e-08
-0.118993 -2.21247e-08
-0.118904 -2.18781e-08
-0.118814 -2.18635e-08
-0.118724 -2.19604e-08
-0.118634 -2.21632e-08
-0.118544 -2.22199e-08
-0.118454 -2.19888e-08
-0.118364 -2.17526e-08
-0.118274 -2.1579e-08
-0.118185 -2.16229e-08
-0.118095 -2.15651e-08
-0.118005 -2.14064e-08
-0.117915 -2.14216e-08
-0.117825 -2.1453e-08
-0.117735 -2.14701e-08
-0.117645 -2.15695e-08
-0.117555 -2.14562e-08
-0.117466 -2.15635e-08
-0.117376 -2.15158e-08
-0.117286 -2.14586e-08
-0.117196 -2.15333e-08
-0.117106 -2.15526e-08
-0.117016 -2.15415e-08
-0.116926 -2.14288e-08
-0.116836 -2.14261e-08
-0.116747 -2.12945e-08
-0.116657 -2.12078e-08
-0.116567 -2.10826e-08
-0.116477 -2.0973e-08
-0.116387 -2.08503e-08
-0.116297 -2.10026e-08
-0.116207 -2.10282e-08
-0.116117 -2.09615e-08
-0.116028 -2.06195e-08
-0.115938 -2.08131e-08
-0.115848 -2.09815e-08
-0.115758 -2.10454e-08
-0.115668 -2.11631e-08
-0.115578 -2.12019e-08
-0.115488 -2.125e-08
-0.115398 -2.13213e-08
-0.115309 -2.13947e-08
-0.115219 -2.1548e-08
-0.115129 -2.16485e-08
-0.115039 -2.19804e-08
-0.114949 -2.22088e-08
-0.114859 -2.21102e-08
-0.114769 -2.20265e-08
-0.114679 -2.20552e-08
-0.11459 -2.20593e-08
-0.1145 -2.21288e-08
-0.11441 -2.20569e-08
-0.11432 -2.21001e-08
-0.11423 -2.18623e-08
-0.11414 -2.16569e-08
-0.11405 -2.14475e-08
-0.11396 -2.14011e-08
-0.113871 -2.13165e-08
-0.113781 -2.12647e-08
-0.113691 -2.11184e-08
-0.113601 -2.10544e-08
-0.113511 -2.07797e-08
-0.113421 -2.07278e-08
-0.113331 -2.06494e-08
-0.113241 -2.06451e-08
-0.113152 -2.08197e-08
-0.113062 -2.08692e-08
-0.112972 -2.08271e-08
-0.112882 -2.07961e-08
-0.112792 -2.08137e-08
-0.112702 -2.08872e-08
-0.112612 -2.09861e-08
-0.112522 -2.09902e-08
-0.112433 -2.10542e-08
-0.112343 -2.10251e-08
-0.112253 -2.10253e-08
-0.112163 -2.08856e-08
-0.112073 -2.07733e-08
-0.111983 -2.0712e-08
-0.111893 -2.06603e-08
-0.111803 -2.05208e-08
-0.111714 -2.04416e-08
-0.111624 -2.03342e-08
-0.111534 -2.04252e-08
-0.111444 -2.04797e-08
-0.111354 -2.04423e-08
-0.111264 -2.03202e-08
-0.111174 -2.04274e-08
-0.111084 -2.03954e-08
-0.110995 -2.03753e-08
-0.110905 -2.03244e-08
-0.110815 -2.0329e-08
-0.110725 -2.01208e-08
-0.110635 -2.00319e-08
-0.110545 -1.98231e-08
-0.110455 -1.94645e-08
-0.110365 -1.93809e-08
-0.110276 -1.93132e-08
-0.110186 -1.908e-08
-0.110096 -1.88255e-08
-0.110006 -1.86544e-08
-0.109916 -1.85787e-08
-0.109826 -1.8423e-08
-0.109736 -1.83089e-08
-0.109646 -1.83877e-08
-0.109557 -1.84377e-08
-0.109467 -1.84857e-08
-0.109377 -1.86182e-08
-0.109287 -1.85345e-08
-0.109197 -1.86483e-08
-0.109107 -1.87253e-08
-0.109017 -1.875e-08
-0.108927 -1.89098e-08
-0.108838 -1.89826e-08
-0.108748 -1.90805e-08
-0.108658 -1.92136e-08
-0.108568 -1.93699e-08
-0.108478 -1.94118e-08
-0.108388 -1.95335e-08
-0.108298 -1.96476e-08
-0.108208 -1.96318e-08
-0.108119 -1.97313e-08
-0.108029 -1.98998e-08
-0.107939 -1.99659e-08
-0.107849 -2.00361e-08
-0.107759 -1.99998e-08
-0.107669 -2.0133e-08
-0.107579 -1.99971e-08
-0.107489 -2.00269e-08
-0.1074 -2.00539e-08
-0.10731 -2.00464e-08
-0.10722 -1.99402e-08
-0.10713 -2.0024e-08
-0.10704 -1.99318e-08
-0.10695 -1.99676e-08
-0.10686 -1.98638e-08
-0.106771 -1.97665e-08
-0.106681 -1.9716e-08
-0.106591 -1.95679e-08
-0.106501 -1.94243e-08
-0.106411 -1.92789e-08
-0.106321 -1.92006e-08
-0.106231 -1.90265e-08
-0.106141 -1.89509e-08
-0.106052 -1.87621e-08
-0.105962 -1.85822e-08
-0.105872 -1.8333e-08
-0.105782 -1.82072e-08
-0.105692 -1.80293e-08
-0.105602 -1.79094e-08
-0.105512 -1.77867e-08
-0.105422 -1.77439e-08
-0.105333 -1.76432e-08
-0.105243 -1.75506e-08
-0.105153 -1.75164e-08
-0.105063 -1.75379e-08
-0.104973 -1.75886e-08
-0.104883 -1.76454e-08
-0.104793 -1.77819e-08
-0.104703 -1.78703e-08
-0.104614 -1.79751e-08
-0.104524 -1.80104e-08
-0.104434 -1.81119e-08
-0.104344 -1.81785e-08
-0.104254 -1.83213e-08
-0.104164 -1.85401e-08
-0.104074 -1.87271e-08
-0.103984 -1.8758e-08
-0.103895 -1.89006e-08
-0.103805 -1.89366e-08
-0.103715 -1.89963e-08
-0.103625 -1.90706e-08
-0.103535 -1.91272e-08
-0.103445 -1.92519e-08
-0.103355 -1.92969e-08
-0.103265 -1.92756e-08
-0.103176 -1.91543e-08
-0.103086 -1.90365e-08
-0.102996 -1.89564e-08
-0.102906 -1.8894e-08
-0.102816 -1.87008e-08
-0.102726 -1.8621e-08
-0.102636 -1.84015e-08
-0.102546 -1.82816e-08
-0.102457 -1.82112e-08
-0.102367 -1.80334e-08
-0.102277 -1.79804e-08
-0.102187 -1.79402e-08
-0.102097 -1.8025e-08
-0.102007 -1.79932e-08
-0.101917 -1.80144e-08
-0.101827 -1.7989e-08
-0.101738 -1.80382e-08
-0.101648 -1.80088e-08
-0.101558 -1.81103e-08
-0.101468 -1.81139e-08
-0.101378 -1.80987e-08
-0.101288 -1.80821e-08
-0.101198 -1.80592e-08
-0.101108 -1.79376e-08
-0.101019 -1.7774e-08
-0.100929 -1.76596e-08
-0.100839 -1.74724e-08
-0.100749 -1.72546e-08
-0.100659 -1.71702e-08
-0.100569 -1.70706e-08
-0.100479 -1.69288e-08
-0.100389 -1.66826e-08
-0.1003 -1.6504e-08
-0.10021 -1.63429e-08
-0.10012 -1.62689e-08
-0.10003 -1.61527e-08
-0.0999401 -1.60265e-08
-0.0998502 -1.59745e-08
-0.0997603 -1.5993e-08
-0.0996704 -1.60366e-08
-0.0995806 -1.60438e-08
-0.0994907 -1.60937e-08
-0.0994008 -1.60757e-08
-0.0993109 -1.61948e-08
-0.0992211 -1.62105e-08
-0.0991312 -1.62349e-08
-0.0990413 -1.61447e-08
-0.0989514 -1.61524e-08
-0.0988616 -1.61218e-08
-0.0987717 -1.60901e-08
-0.0986818 -1.60738e-08
-0.098592 -1.59827e-08
-0.0985021 -1.58638e-08
-0.0984122 -1.5732e-08
-0.0983223 -1.56416e-08
-0.0982325 -1.55563e-08
-0.0981426 -1.55767e-08
-0.0980527 -1.54869e-08
-0.0979628 -1.54449e-08
-0.097873 -1.53712e-08
-0.0977831 -1.52552e-08
-0.0976932 -1.52155e-08
-0.0976033 -1.51166e-08
-0.0975135 -1.51463e-08
-0.0974236 -1.51462e-08
-0.0973337 -1.51907e-08
-0.0972438 -1.5219e-08
-0.097154 -1.52256e-08
-0.0970641 -1.52065e-08
-0.0969742 -1.52203e-08
-0.0968843 -1.52472e-08
-0.0967945 -1.53056e-08
-0.0967046 -1.5405e-08
-0.0966147 -1.55087e-08
-0.0965248 -1.55896e-08
-0.096435 -1.56264e-08
-0.0963451 -1.56693e-08
-0.0962552 -1.57176e-08
-0.0961653 -1.56769e-08
-0.0960755 -1.56289e-08
-0.0959856 -1.56295e-08
-0.0958957 -1.56891e-08
-0.0958059 -1.57258e-08
-0.095716 -1.57457e-08
-0.0956261 -1.57065e-08
-0.0955362 -1.57097e-08
-0.0954464 -1.56652e-08
-0.0953565 -1.56891e-08
-0.0952666 -1.57353e-08
-0.0951767 -1.57416e-08
-0.0950869 -1.57671e-08
-0.094997 -1.5738e-08
-0.0949071 -1.57001e-08
-0.0948172 -1.56683e-08
-0.0947274 -1.56921e-08
-0.0946375 -1.56886e-08
-0.0945476 -1.56741e-08
-0.0944577 -1.56796e-08
-0.0943679 -1.56528e-08
-0.094278 -1.56198e-08
-0.0941881 -1.55954e-08
-0.0940982 -1.55248e-08
-0.0940084 -1.54857e-08
-0.0939185 -1.54875e-08
-0.0938286 -1.54293e-08
-0.0937387 -1.533e-08
-0.0936489 -1.52884e-08
-0.093559 -1.5154e-08
-0.0934691 -1.50039e-08
-0.0933793 -1.48659e-08
-0.0932894 -1.48217e-08
-0.0931995 -1.47199e-08
-0.0931096 -1.46618e-08
-0.0930198 -1.46645e-08
-0.0929299 -1.46442e-08
-0.09284 -1.45576e-08
-0.0927501 -1.45595e-08
-0.0926603 -1.45146e-08
-0.0925704 -1.44729e-08
-0.0924805 -1.44489e-08
-0.0923906 -1.44202e-08
-0.0923008 -1.44079e-08
-0.0922109 -1.43427e-08
-0.092121 -1.42568e-08
-0.0920311 -1.42309e-08
-0.0919413 -1.41799e-08
-0.0918514 -1.42329e-08
-0.0917615 -1.42611e-08
-0.0916716 -1.42268e-08
-0.0915818 -1.41644e-08
-0.0914919 -1.41508e-08
-0.091402 -1.41389e-08
-0.0913121 -1.41345e-08
-0.0912223 -1.40608e-08
-0.0911324 -1.40414e-08
-0.0910425 -1.39962e-08
-0.0909526 -1.40124e-08
-0.0908628 -1.40297e-08
-0.0907729 -1.4016e-08
-0.090683 -1.39897e-08
-0.0905932 -1.40665e-08
-0.0905033 -1.41178e-08
-0.0904134 -1.41958e-08
-0.0903235 -1.42177e-08
-0.0902337 -1.42175e-08
-0.0901438 -1.42241e-08
-0.0900539 -1.42649e-08
-0.089964 -1.43012e-08
-0.0898742 -1.42653e-08
-0.0897843 -1.42165e-08
-0.0896944 -1.42013e-08
-0.0896045 -1.41941e-08
-0.0895147 -1.41277e-08
-0.0894248 -1.40644e-08
-0.0893349 -1.39841e-08
-0.089245 -1.3991e-08
-0.0891552 -1.39398e-08
-0.0890653 -1.39215e-08
-0.0889754 -1.38467e-08
-0.0888855 -1.37689e-08
-0.0887957 -1.37147e-08
-0.0887058 -1.36094e-08
-0.0886159 -1.35087e-08
-0.088526 -1.34439e-08
-0.0884362 -1.34091e-08
-0.0883463 -1.33481e-08
-0.0882564 -1.32958e-08
-0.0881665 -1.31857e-08
-0.0880767 -1.31492e-08
-0.0879868 -1.30961e-08
-0.0878969 -1.30339e-08
-0.0878071 -1.29396e-08
-0.0877172 -1.28707e-08
-0.0876273 -1.27914e-08
-0.0875374 -1.27604e-08
-0.0874476 -1.26571e-08
-0.0873577 -1.26139e-08
-0.0872678 -1.25147e-08
-0.0871779 -1.24409e-08
-0.0870881 -1.23946e-08
-0.0869982 -1.23034e-08
-0.0869083 -1.22503e-08
-0.0868184 -1.22213e-08
-0.0867286 -1.2189e-08
-0.0866387 -1.21444e-08
-0.0865488 -1.21013e-08
-0.0864589 -1.20516e-08
-0.0863691 -1.20163e-08
-0.0862792 -1.19801e-08
-0.0861893 -1.20199e-08
-0.0860994 -1.19764e-08
-0.0860096 -1.19677e-08
-0.0859197 -1.19443e-08
-0.0858298 -1.19241e-08
-0.0857399 -1.18927e-08
-0.0856501 -1.19006e-08
-0.0855602 -1.19061e-08
-0.0854703 -1.19203e-08
-0.0853805 -1.19112e-08
-0.0852906 -1.18875e-08
-0.0852007 -1.18645e-08
-0.0851108 -1.18475e-08
-0.085021 -1.18655e-08
-0.0849311 -1.18301e-08
-0.0848412 -1.18214e-08
-0.0847513 -1.17519e-08
-0.0846615 -1.17389e-08
-0.0845716 -1.17359e-08
-0.0844817 -1.17565e-08
-0.0843918 -1.17418e-08
-0.084302 -1.17589e-08
-0.0842121 -1.17796e-08
-0.0841222 -1.18095e-08
-0.0840323 -1.18011e-08
-0.0839425 -1.1797e-08
-0.0838526 -1.1831e-08
-0.0837627 -1.18131e-08
-0.0836728 -1.18378e-08
-0.083583 -1.18213e-08
-0.0834931 -1.18657e-08
-0.0834032 -1.18733e-08
-0.0833133 -1.18867e-08
-0.0832235 -1.19095e-08
-0.0831336 -1.18872e-08
-0.0830437 -1.18235e-08
-0.0829538 -1.18095e-08
-0.082864 -1.17348e-08
-0.0827741 -1.17108e-08
-0.0826842 -1.16631e-08
-0.0825944 -1.16e-08
-0.0825045 -1.15554e-08
-0.0824146 -1.14801e-08
-0.0823247 -1.14095e-08
-0.0822349 -1.13674e-08
-0.082145 -1.13725e-08
-0.0820551 -1.13688e-08
-0.0819652 -1.13373e-08
-0.0818754 -1.13382e-08
-0.0817855 -1.13578e-08
-0.0816956 -1.13169e-08
-0.0816057 -1.13587e-08
-0.0815159 -1.13545e-08
-0.081426 -1.13639e-08
-0.0813361 -1.1399e-08
-0.0812462 -1.13984e-08
-0.0811564 -1.14011e-08
-0.0810665 -1.13643e-08
-0.0809766 -1.13384e-08
-0.0808867 -1.13524e-08
-0.0807969 -1.13586e-08
-0.080707 -1.13437e-08
-0.0806171 -1.13583e-08
-0.0805272 -1.13178e-08
-0.0804374 -1.13096e-08
-0.0803475 -1.12639e-08
-0.0802576 -1.12388e-08
-0.0801677 -1.12152e-08
-0.0800779 -1.12038e-08
-0.079988 -1.11675e-08
-0.0798981 -1.11602e-08
-0.0798083 -1.11269e-08
-0.0797184 -1.11559e-08
-0.0796285 -1.11596e-08
-0.0795386 -1.11485e-08
-0.0794488 -1.11244e-08
-0.0793589 -1.11298e-08
-0.079269 -1.11195e-08
-0.0791791 -1.11127e-08
-0.0790893 -1.11027e-08
-0.0789994 -1.10632e-08
-0.0789095 -1.10535e-08
-0.0788196 -1.10285e-08
-0.0787298 -1.10301e-08
-0.0786399 -1.09991e-08
-0.07855 -1.09887e-08
-0.0784601 -1.09737e-08
-0.0783703 -1.09616e-08
-0.0782804 -1.09237e-08
-0.0781905 -1.08871e-08
-0.0781006 -1.08322e-08
-0.0780108 -1.08176e-08
-0.0779209 -1.07826e-08
-0.077831 -1.07267e-08
-0.0777411 -1.06656e-08
-0.0776513 -1.06561e-08
-0.0775614 -1.0627e-08
-0.0774715 -1.05551e-08
-0.0773817 -1.05381e-08
-0.0772918 -1.05033e-08
-0.0772019 -1.04487e-08
-0.077112 -1.04185e-08
-0.0770222 -1.03307e-08
-0.0769323 -1.02548e-08
-0.0768424 -1.0169e-08
-0.0767525 -1.01013e-08
-0.0766627 -1.00343e-08
-0.0765728 -9.93155e-09
-0.0764829 -9.87811e-09
-0.076393 -9.82983e-09
-0.0763032 -9.76718e-09
-0.0762133 -9.72625e-09
-0.0761234 -9.68119e-09
-0.0760335 -9.64313e-09
-0.0759437 -9.59332e-09
-0.0758538 -9.56691e-09
-0.0757639 -9.521e-09
-0.075674 -9.46932e-09
-0.0755842 -9.42874e-09
-0.0754943 -9.36926e-09
-0.0754044 -9.31898e-09
-0.0753145 -9.26233e-09
-0.0752247 -9.23017e-09
-0.0751348 -9.20427e-09
-0.0750449 -9.16612e-09
-0.074955 -9.13939e-09
-0.0748652 -9.11581e-09
-0.0747753 -9.08596e-09
-0.0746854 -9.07818e-09
-0.0745956 -9.05651e-09
-0.0745057 -9.0262e-09
-0.0744158 -9.01677e-09
-0.0743259 -8.99723e-09
-0.0742361 -8.96241e-09
-0.0741462 -8.93782e-09
-0.0740563 -8.91551e-09
-0.0739664 -8.90167e-09
-0.0738766 -8.92167e-09
-0.0737867 -8.90619e-09
-0.0736968 -8.90085e-09
-0.0736069 -8.88973e-09
-0.0735171 -8.89132e-09
-0.0734272 -8.86753e-09
-0.0733373 -8.84586e-09
-0.0732474 -8.84591e-09
-0.0731576 -8.84114e-09
-0.0730677 -8.84291e-09
-0.0729778 -8.86245e-09
-0.0728879 -8.86744e-09
-0.0727981 -8.88333e-09
-0.0727082 -8.89189e-09
-0.0726183 -8.89734e-09
-0.0725284 -8.92957e-09
-0.0724386 -8.94576e-09
-0.0723487 -8.98713e-09
-0.0722588 -8.98822e-09
-0.0721689 -8.98658e-09
-0.0720791 -8.96892e-09
-0.0719892 -8.95267e-09
-0.0718993 -8.94735e-09
-0.0718095 -8.94284e-09
-0.0717196 -8.92743e-09
-0.0716297 -8.907e-09
-0.0715398 -8.89205e-09
-0.07145 -8.87089e-09
-0.0713601 -8.84503e-09
-0.0712702 -8.81119e-09
-0.0711803 -8.80853e-09
-0.0710905 -8.80508e-09
-0.0710006 -8.78436e-09
-0.0709107 -8.77101e-09
-0.0708208 -8.76662e-09
-0.070731 -8.73148e-09
-0.0706411 -8.69523e-09
-0.0705512 -8.68509e-09
-0.0704613 -8.67224e-09
-0.0703715 -8.68173e-09
-0.0702816 -8.68105e-09
-0.0701917 -8.67467e-09
-0.0701018 -8.66996e-09
-0.070012 -8.66565e-09
-0.0699221 -8.63928e-09
-0.0698322 -8.60952e-09
-0.0697423 -8.56065e-09
-0.0696525 -8.54732e-09
-0.0695626 -8.52344e-09
-0.0694727 -8.48802e-09
-0.0693829 -8.44699e-09
-0.069293 -8.42449e-09
-0.0692031 -8.40791e-09
-0.0691132 -8.36832e-09
-0.0690234 -8.34917e-09
-0.0689335 -8.29941e-09
-0.0688436 -8.25173e-09
-0.0687537 -8.22439e-09
-0.0686639 -8.20963e-09
-0.068574 -8.17391e-09
-0.0684841 -8.15901e-09
-0.0683942 -8.14459e-09
-0.0683044 -8.12253e-09
-0.0682145 -8.11746e-09
-0.0681246 -8.09932e-09
-0.0680347 -8.08893e-09
-0.0679449 -8.08433e-09
-0.067855 -8.07518e-09
-0.0677651 -8.04248e-09
-0.0676752 -8.02238e-09
-0.0675854 -8.01516e-09
-0.0674955 -8.00126e-09
-0.0674056 -7.95991e-09
-0.0673157 -7.93823e-09
-0.0672259 -7.9152e-09
-0.067136 -7.88355e-09
-0.0670461 -7.86122e-09
-0.0669562 -7.83555e-09
-0.0668664 -7.81479e-09
-0.0667765 -7.77667e-09
-0.0666866 -7.74426e-09
-0.0665968 -7.70912e-09
-0.0665069 -7.70735e-09
-0.066417 -7.71226e-09
-0.0663271 -7.69053e-09
-0.0662373 -7.67772e-09
-0.0661474 -7.67254e-09
-0.0660575 -7.67675e-09
-0.0659676 -7.67132e-09
-0.0658778 -7.66102e-09
-0.0657879 -7.64072e-09
-0.065698 -7.63714e-09
-0.0656081 -7.63179e-09
-0.0655183 -7.63048e-09
-0.0654284 -7.61744e-09
-0.0653385 -7.59108e-09
-0.0652486 -7.57693e-09
-0.0651588 -7.56186e-09
-0.0650689 -7.5652e-09
-0.064979 -7.55521e-09
-0.0648891 -7.55284e-09
-0.0647993 -7.52667e-09
-0.0647094 -7.47845e-09
-0.0646195 -7.45001e-09
-0.0645296 -7.42338e-09
-0.0644398 -7.39631e-09
-0.0643499 -7.36734e-09
-0.06426 -7.35977e-09
-0.0641701 -7.34147e-09
-0.0640803 -7.32518e-09
-0.0639904 -7.31217e-09
-0.0639005 -7.31053e-09
-0.0638107 -7.30018e-09
-0.0637208 -7.29888e-09
-0.0636309 -7.2849e-09
-0.063541 -7.28772e-09
-0.0634512 -7.28462e-09
-0.0633613 -7.2677e-09
-0.0632714 -7.26722e-09
-0.0631815 -7.26698e-09
-0.0630917 -7.25259e-09
-0.0630018 -7.24723e-09
-0.0629119 -7.22851e-09
-0.062822 -7.21458e-09
-0.0627322 -7.21462e-09
-0.0626423 -7.20183e-09
-0.0625524 -7.18007e-09
-0.0624625 -7.16603e-09
-0.0623727 -7.15368e-09
-0.0622828 -7.12186e-09
-0.0621929 -7.08476e-09
-0.062103 -7.03724e-09
-0.0620132 -7.00844e-09
-0.0619233 -6.97794e-09
-0.0618334 -6.95036e-09
-0.0617435 -6.92504e-09
-0.0616537 -6.91236e-09
-0.0615638 -6.87151e-09
-0.0614739 -6.84016e-09
-0.0613841 -6.80254e-09
-0.0612942 -6.76545e-09
-0.0612043 -6.74096e-09
-0.0611144 -6.7121e-09
-0.0610246 -6.67707e-09
-0.0609347 -6.64344e-09
-0.0608448 -6.61064e-09
-0.0607549 -6.5689e-09
-0.0606651 -6.54797e-09
-0.0605752 -6.542e-09
-0.0604853 -6.52166e-09
-0.0603954 -6.49884e-09
-0.0603056 -6.4753e-09
-0.0602157 -6.4632e-09
-0.0601258 -6.44902e-09
-0.0600359 -6.41207e-09
-0.0599461 -6.38271e-09
-0.0598562 -6.36109e-09
-0.0597663 -6.32759e-09
-0.0596764 -6.29764e-09
-0.0595866 -6.26852e-09
-0.0594967 -6.24357e-09
-0.0594068 -6.21503e-09
-0.0593169 -6.18511e-09
-0.0592271 -6.16295e-09
-0.0591372 -6.1406e-09
-0.0590473 -6.09795e-09
-0.0589574 -6.05021e-09
-0.0588676 -6.00769e-09
-0.0587777 -5.98658e-09
-0.0586878 -5.95016e-09
-0.058598 -5.92029e-09
-0.0585081 -5.89847e-09
-0.0584182 -5.86391e-09
-0.0583283 -5.83437e-09
-0.0582385 -5.78903e-09
-0.0581486 -5.76815e-09
-0.0580587 -5.73503e-09
-0.0579688 -5.71893e-09
-0.057879 -5.68534e-09
-0.0577891 -5.66494e-09
-0.0576992 -5.63236e-09
-0.0576093 -5.61515e-09
-0.0575195 -5.58933e-09
-0.0574296 -5.55958e-09
-0.0573397 -5.54075e-09
-0.0572498 -5.5212e-09
-0.05716 -5.52052e-09
-0.0570701 -5.51213e-09
-0.0569802 -5.49034e-09
-0.0568903 -5.48074e-09
-0.0568005 -5.453e-09
-0.0567106 -5.43861e-09
-0.0566207 -5.40383e-09
-0.0565308 -5.39138e-09
-0.056441 -5.37662e-09
-0.0563511 -5.35503e-09
-0.0562612 -5.35261e-09
-0.0561713 -5.32934e-09
-0.0560815 -5.31228e-09
-0.0559916 -5.30497e-09
-0.0559017 -5.29737e-09
-0.0558119 -5.31046e-09
-0.055722 -5.30283e-09
-0.0556321 -5.29967e-09
-0.0555422 -5.291e-09
-0.0554524 -5.28942e-09
-0.0553625 -5.2726e-09
-0.0552726 -5.27338e-09
-0.0551827 -5.26726e-09
-0.0550929 -5.253e-09
-0.055003 -5.23501e-09
-0.0549131 -5.22092e-09
-0.0548232 -5.2181e-09
-0.0547334 -5.20654e-09
-0.0546435 -5.19088e-09
-0.0545536 -5.17562e-09
-0.0544637 -5.16684e-09
-0.0543739 -5.15261e-09
-0.054284 -5.13195e-09
-0.0541941 -5.12357e-09
-0.0541042 -5.10814e-09
-0.0540144 -5.09699e-09
-0.0539245 -5.08524e-09
-0.0538346 -5.07194e-09
-0.0537447 -5.06467e-09
-0.0536549 -5.04243e-09
-0.053565 -5.03331e-09
-0.0534751 -5.02992e-09
-0.0533853 -5.03221e-09
-0.0532954 -5.01679e-09
-0.0532055 -5.00299e-09
-0.0531156 -5.00386e-09
-0.0530258 -5.00305e-09
-0.0529359 -5.00084e-09
-0.052846 -5.00652e-09
-0.0527561 -5.00998e-09
-0.0526663 -5.01054e-09
-0.0525764 -5.00944e-09
-0.0524865 -4.99831e-09
-0.0523966 -4.98105e-09
-0.0523068 -4.9704e-09
-0.0522169 -4.96027e-09
-0.052127 -4.9374e-09
-0.0520371 -4.92903e-09
-0.0519473 -4.92098e-09
-0.0518574 -4.90165e-09
-0.0517675 -4.89138e-09
-0.0516776 -4.87867e-09
-0.0515878 -4.86314e-09
-0.0514979 -4.83789e-09
-0.051408 -4.81422e-09
-0.0513181 -4.79924e-09
-0.0512283 -4.7831e-09
-0.0511384 -4.7616e-09
-0.0510485 -4.74101e-09
-0.0509586 -4.72687e-09
-0.0508688 -4.71451e-09
-0.0507789 -4.70241e-09
-0.050689 -4.68979e-09
-0.0505992 -4.68302e-09
-0.0505093 -4.67328e-09
-0.0504194 -4.6519e-09
-0.0503295 -4.63375e-09
-0.0502397 -4.62821e-09
-0.0501498 -4.60755e-09
-0.0500599 -4.59497e-09
-0.04997 -4.58676e-09
-0.0498802 -4.58273e-09
-0.0497903 -4.57429e-09
-0.0497004 -4.57445e-09
-0.0496105 -4.56828e-09
-0.0495207 -4.56281e-09
-0.0494308 -4.5509e-09
-0.0493409 -4.53657e-09
-0.049251 -4.52065e-09
-0.0491612 -4.50834e-09
-0.0490713 -4.49923e-09
-0.0489814 -4.48933e-09
-0.0488915 -4.47865e-09
-0.0488017 -4.4767e-09
-0.0487118 -4.46385e-09
-0.0486219 -4.45987e-09
-0.048532 -4.45539e-09
-0.0484422 -4.43965e-09
-0.0483523 -4.42392e-09
-0.0482624 -4.40608e-09
-0.0481725 -4.39574e-09
-0.0480827 -4.39466e-09
-0.0479928 -4.39149e-09
-0.0479029 -4.37835e-09
-0.0478131 -4.37211e-09
-0.0477232 -4.36182e-09
-0.0476333 -4.35137e-09
-0.0475434 -4.34091e-09
-0.0474536 -4.33629e-09
-0.0473637 -4.33625e-09
-0.0472738 -4.3208e-09
-0.0471839 -4.31883e-09
-0.0470941 -4.31435e-09
-0.0470042 -4.29571e-09
-0.0469143 -4.28814e-09
-0.0468244 -4.27289e-09
-0.0467346 -4.25902e-09
-0.0466447 -4.2539e-09
-0.0465548 -4.24356e-09
-0.0464649 -4.2321e-09
-0.0463751 -4.21412e-09
-0.0462852 -4.19569e-09
-0.0461953 -4.18022e-09
-0.0461054 -4.16948e-09
-0.0460156 -4.16051e-09
-0.0459257 -4.13537e-09
-0.0458358 -4.12569e-09
-0.0457459 -4.10474e-09
-0.0456561 -4.08278e-09
-0.0455662 -4.063e-09
-0.0454763 -4.03622e-09
-0.0453865 -4.01659e-09
-0.0452966 -3.98617e-09
-0.0452067 -3.96981e-09
-0.0451168 -3.9432e-09
-0.045027 -3.92205e-09
-0.0449371 -3.91678e-09
-0.0448472 -3.90243e-09
-0.0447573 -3.89332e-09
-0.0446675 -3.87799e-09
-0.0445776 -3.8641e-09
-0.0444877 -3.8484e-09
-0.0443978 -3.83624e-09
-0.044308 -3.81902e-09
-0.0442181 -3.80085e-09
-0.0441282 -3.78711e-09
-0.0440383 -3.76344e-09
-0.0439485 -3.75229e-09
-0.0438586 -3.74836e-09
-0.0437687 -3.73762e-09
-0.0436788 -3.714e-09
-0.043589 -3.70404e-09
-0.0434991 -3.69051e-09
-0.0434092 -3.67294e-09
-0.0433193 -3.65624e-09
-0.0432295 -3.62401e-09
-0.0431396 -3.59974e-09
-0.0430497 -3.59031e-09
-0.0429598 -3.56788e-09
-0.04287 -3.55858e-09
-0.0427801 -3.53896e-09
-0.0426902 -3.50901e-09
-0.0426004 -3.48076e-09
-0.0425105 -3.45614e-09
-0.0424206 -3.41875e-09
-0.0423307 -3.39315e-09
-0.0422409 -3.36663e-09
-0.042151 -3.3411e-09
-0.0420611 -3.31721e-09
-0.0419712 -3.28611e-09
-0.0418814 -3.26018e-09
-0.0417915 -3.24044e-09
-0.0417016 -3.20891e-09
-0.0416117 -3.16986e-09
-0.0415219 -3.14286e-09
-0.041432 -3.11554e-09
-0.0413421 -3.08665e-09
-0.0412522 -3.06823e-09
-0.0411624 -3.03973e-09
-0.0410725 -3.02078e-09
-0.0409826 -2.99801e-09
-0.0408927 -2.97501e-09
-0.0408029 -2.96143e-09
-0.040713 -2.94879e-09
-0.0406231 -2.93426e-09
-0.0405332 -2.91861e-09
-0.0404434 -2.90867e-09
-0.0403535 -2.89603e-09
-0.0402636 -2.8873e-09
-0.0401737 -2.88486e-09
-0.0400839 -2.87338e-09
-0.039994 -2.86596e-09
-0.0399041 -2.8619e-09
-0.0398143 -2.85522e-09
-0.0397244 -2.8475e-09
-0.0396345 -2.83979e-09
-0.0395446 -2.83121e-09
-0.0394548 -2.8201e-09
-0.0393649 -2.81012e-09
-0.039275 -2.79166e-09
-0.0391851 -2.77516e-09
-0.0390953 -2.75883e-09
-0.0390054 -2.73889e-09
-0.0389155 -2.71903e-09
-0.0388256 -2.70107e-09
-0.0387358 -2.67948e-09
-0.0386459 -2.65865e-09
-0.038556 -2.62928e-09
-0.0384661 -2.60502e-09
-0.0383763 -2.58063e-09
-0.0382864 -2.55704e-09
-0.0381965 -2.53799e-09
-0.0381066 -2.5225e-09
-0.0380168 -2.50594e-09
-0.0379269 -2.4914e-09
-0.037837 -2.47658e-09
-0.0377471 -2.46469e-09
-0.0376573 -2.4526e-09
-0.0375674 -2.43372e-09
-0.0374775 -2.42119e-09
-0.0373876 -2.41642e-09
-0.0372978 -2.41093e-09
-0.0372079 -2.40325e-09
-0.037118 -2.38912e-09
-0.0370282 -2.38465e-09
-0.0369383 -2.37366e-09
-0.0368484 -2.36857e-09
-0.0367585 -2.36049e-09
-0.0366687 -2.35616e-09
-0.0365788 -2.35165e-09
-0.0364889 -2.33857e-09
-0.036399 -2.33371e-09
-0.0363092 -2.32418e-09
-0.0362193 -2.31284e-09
-0.0361294 -2.30752e-09
-0.0360395 -2.29654e-09
-0.0359497 -2.28407e-09
-0.0358598 -2.27233e-09
-0.0357699 -2.26392e-09
-0.03568 -2.25485e-09
-0.0355902 -2.24752e-09
-0.0355003 -2.24108e-09
-0.0354104 -2.2393e-09
-0.0353205 -2.23613e-09
-0.0352307 -2.23409e-09
-0.0351408 -2.22552e-09
-0.0350509 -2.23027e-09
-0.034961 -2.23112e-09
-0.0348712 -2.22984e-09
-0.0347813 -2.23253e-09
-0.0346914 -2.23074e-09
-0.0346016 -2.22951e-09
-0.0345117 -2.21953e-09
-0.0344218 -2.21788e-09
-0.0343319 -2.21695e-09
-0.0342421 -2.22483e-09
-0.0341522 -2.23002e-09
-0.0340623 -2.22343e-09
-0.0339724 -2.22457e-09
-0.0338826 -2.22444e-09
-0.0337927 -2.22016e-09
-0.0337028 -2.21515e-09
-0.0336129 -2.21399e-09
-0.0335231 -2.20392e-09
-0.0334332 -2.19067e-09
-0.0333433 -2.17065e-09
-0.0332534 -2.15826e-09
-0.0331636 -2.15017e-09
-0.0330737 -2.13177e-09
-0.0329838 -2.11819e-09
-0.0328939 -2.10121e-09
-0.0328041 -2.08262e-09
-0.0327142 -2.06075e-09
-0.0326243 -2.04846e-09
-0.0325344 -2.03843e-09
-0.0324446 -2.02897e-09
-0.0323547 -2.01147e-09
-0.0322648 -1.99309e-09
-0.0321749 -1.97825e-09
-0.0320851 -1.95942e-09
-0.0319952 -1.94327e-09
-0.0319053 -1.92669e-09
-0.0318155 -1.91492e-09
-0.0317256 -1.90741e-09
-0.0316357 -1.89497e-09
-0.0315458 -1.87514e-09
-0.031456 -1.86877e-09
-0.0313661 -1.86346e-09
-0.0312762 -1.85539e-09
-0.0311863 -1.85138e-09
-0.0310965 -1.84239e-09
-0.0310066 -1.83839e-09
-0.0309167 -1.82894e-09
-0.0308268 -1.83242e-09
-0.030737 -1.83484e-09
-0.0306471 -1.83632e-09
-0.0305572 -1.82646e-09
-0.0304673 -1.81678e-09
-0.0303775 -1.81307e-09
-0.0302876 -1.79791e-09
-0.0301977 -1.79143e-09
-0.0301078 -1.77985e-09
-0.030018 -1.77076e-09
-0.0299281 -1.76079e-09
-0.0298382 -1.75376e-09
-0.0297483 -1.75026e-09
-0.0296585 -1.73835e-09
-0.0295686 -1.72669e-09
-0.0294787 -1.71516e-09
-0.0293888 -1.7079e-09
-0.029299 -1.69203e-09
-0.0292091 -1.67656e-09
-0.0291192 -1.66231e-09
-0.0290294 -1.6447e-09
-0.0289395 -1.62189e-09
-0.0288496 -1.61011e-09
-0.0287597 -1.59783e-09
-0.0286699 -1.58389e-09
-0.02858 -1.56674e-09
-0.0284901 -1.55821e-09
-0.0284002 -1.54507e-09
-0.0283104 -1.53311e-09
-0.0282205 -1.52015e-09
-0.0281306 -1.50378e-09
-0.0280407 -1.48767e-09
-0.0279509 -1.47149e-09
-0.027861 -1.45868e-09
-0.0277711 -1.44911e-09
-0.0276812 -1.43326e-09
-0.0275914 -1.42095e-09
-0.0275015 -1.40585e-09
-0.0274116 -1.39855e-09
-0.0273217 -1.38721e-09
-0.0272319 -1.38647e-09
-0.027142 -1.37637e-09
-0.0270521 -1.36119e-09
-0.0269622 -1.34578e-09
-0.0268724 -1.33444e-09
-0.0267825 -1.32582e-09
-0.0266926 -1.31315e-09
-0.0266028 -1.2984e-09
-0.0265129 -1.28764e-09
-0.026423 -1.27422e-09
-0.0263331 -1.26169e-09
-0.0262433 -1.25408e-09
-0.0261534 -1.24876e-09
-0.0260635 -1.23509e-09
-0.0259736 -1.22507e-09
-0.0258838 -1.20815e-09
-0.0257939 -1.19573e-09
-0.025704 -1.17708e-09
-0.0256141 -1.1614e-09
-0.0255243 -1.1463e-09
-0.0254344 -1.13399e-09
-0.0253445 -1.11952e-09
-0.0252546 -1.1009e-09
-0.0251648 -1.09036e-09
-0.0250749 -1.07458e-09
-0.024985 -1.06487e-09
-0.0248951 -1.05298e-09
-0.0248053 -1.0337e-09
-0.0247154 -1.01622e-09
-0.0246255 -1.00079e-09
-0.0245356 -9.8645e-10
-0.0244458 -9.69695e-10
-0.0243559 -9.56604e-10
-0.024266 -9.42356e-10
-0.0241761 -9.3052e-10
-0.0240863 -9.27204e-10
-0.0239964 -9.24301e-10
-0.0239065 -9.22922e-10
-0.0238167 -9.20393e-10
-0.0237268 -9.1275e-10
-0.0236369 -9.11572e-10
-0.023547 -9.15739e-10
-0.0234572 -9.12664e-10
-0.0233673 -9.06348e-10
-0.0232774 -9.00544e-10
-0.0231875 -8.93722e-10
-0.0230977 -8.90951e-10
-0.0230078 -8.94284e-10
-0.0229179 -8.88673e-10
-0.022828 -8.92912e-10
-0.0227382 -8.91104e-10
-0.0226483 -8.91931e-10
-0.0225584 -8.99371e-10
-0.0224685 -9.05074e-10
-0.0223787 -9.05016e-10
-0.0222888 -8.98543e-10
-0.0221989 -8.90622e-10
-0.022109 -8.84315e-10
-0.0220192 -8.76487e-10
-0.0219293 -8.68099e-10
-0.0218394 -8.54597e-10
-0.0217495 -8.5061e-10
-0.0216597 -8.38874e-10
-0.0215698 -8.32491e-10
-0.0214799 -8.297e-10
-0.02139 -8.25314e-10
-0.0213002 -8.18928e-10
-0.0212103 -8.10367e-10
-0.0211204 -8.0688e-10
-0.0210306 -8.04404e-10
-0.0209407 -7.9345e-10
-0.0208508 -7.82871e-10
-0.0207609 -7.71568e-10
-0.0206711 -7.65044e-10
-0.0205812 -7.50726e-10
-0.0204913 -7.41694e-10
-0.0204014 -7.42576e-10
-0.0203116 -7.35704e-10
-0.0202217 -7.24662e-10
-0.0201318 -7.22795e-10
-0.0200419 -7.19955e-10
-0.0199521 -7.15949e-10
-0.0198622 -7.01884e-10
-0.0197723 -6.90795e-10
-0.0196824 -6.85617e-10
-0.0195926 -6.78048e-10
-0.0195027 -6.69737e-10
-0.0194128 -6.59256e-10
-0.0193229 -6.52746e-10
-0.0192331 -6.40205e-10
-0.0191432 -6.3186e-10
-0.0190533 -6.30004e-10
-0.0189634 -6.23436e-10
-0.0188736 -6.12869e-10
-0.0187837 -6.03614e-10
-0.0186938 -5.99653e-10
-0.018604 -5.94767e-10
-0.0185141 -5.89434e-10
-0.0184242 -5.88141e-10
-0.0183343 -5.77417e-10
-0.0182445 -5.65594e-10
-0.0181546 -5.57523e-10
-0.0180647 -5.49394e-10
-0.0179748 -5.44228e-10
-0.017885 -5.41084e-10
-0.0177951 -5.31221e-10
-0.0177052 -5.33501e-10
-0.0176153 -5.31552e-10
-0.0175255 -5.28929e-10
-0.0174356 -5.27761e-10
-0.0173457 -5.29316e-10
-0.0172558 -5.28358e-10
-0.017166 -5.29728e-10
-0.0170761 -5.25316e-10
-0.0169862 -5.13004e-10
-0.0168963 -5.09704e-10
-0.0168065 -5.13011e-10
-0.0167166 -5.11188e-10
-0.0166267 -5.11297e-10
-0.0165368 -5.11856e-10
-0.016447 -5.18281e-10
-0.0163571 -5.20629e-10
-0.0162672 -5.2487e-10
-0.0161773 -5.28768e-10
-0.0160875 -5.35054e-10
-0.0159976 -5.28773e-10
-0.0159077 -5.2816e-10
-0.0158179 -5.28292e-10
-0.015728 -5.3532e-10
-0.0156381 -5.40036e-10
-0.0155482 -5.42646e-10
-0.0154584 -5.45898e-10
-0.0153685 -5.55782e-10
-0.0152786 -5.6379e-10
-0.0151887 -5.67247e-10
-0.0150989 -5.72201e-10
-0.015009 -5.73919e-10
-0.0149191 -5.75118e-10
-0.0148292 -5.78996e-10
-0.0147394 -5.81302e-10
-0.0146495 -5.8855e-10
-0.0145596 -5.93496e-10
-0.0144697 -6.00445e-10
-0.0143799 -6.01663e-10
-0.01429 -6.11067e-10
-0.0142001 -6.16579e-10
-0.0141102 -6.22125e-10
-0.0140204 -6.22043e-10
-0.0139305 -6.26086e-10
-0.0138406 -6.31708e-10
-0.0137507 -6.34122e-10
-0.0136609 -6.38138e-10
-0.013571 -6.37717e-10
-0.0134811 -6.35311e-10
-0.0133912 -6.35192e-10
-0.0133014 -6.33549e-10
-0.0132115 -6.28998e-10
-0.0131216 -6.29723e-10
-0.0130318 -6.26864e-10
-0.0129419 -6.16867e-10
-0.012852 -6.16868e-10
-0.0127621 -6.18251e-10
-0.0126723 -6.12866e-10
-0.0125824 -6.09518e-10
-0.0124925 -6.04008e-10
-0.0124026 -5.90129e-10
-0.0123128 -5.78893e-10
-0.0122229 -5.64714e-10
-0.012133 -5.52596e-10
-0.0120431 -5.43833e-10
-0.0119533 -5.30131e-10
-0.0118634 -5.19346e-10
-0.0117735 -5.16386e-10
-0.0116836 -5.12864e-10
-0.0115938 -4.97561e-10
-0.0115039 -4.91819e-10
-0.011414 -4.7894e-10
-0.0113241 -4.6344e-10
-0.0112343 -4.48618e-10
-0.0111444 -4.28681e-10
-0.0110545 -4.15418e-10
-0.0109646 -3.99474e-10
-0.0108748 -3.85832e-10
-0.0107849 -3.75896e-10
-0.010695 -3.6695e-10
-0.0106052 -3.58935e-10
-0.0105153 -3.44887e-10
-0.0104254 -3.32821e-10
-0.0103355 -3.23167e-10
-0.0102457 -3.12709e-10
-0.0101558 -2.99081e-10
-0.0100659 -2.8135e-10
-0.00997603 -2.68785e-10
-0.00988616 -2.56811e-10
-0.00979628 -2.47016e-10
-0.00970641 -2.36543e-10
-0.00961653 -2.23672e-10
-0.00952666 -2.18578e-10
-0.00943679 -2.09731e-10
-0.00934691 -2.05312e-10
-0.00925704 -2.08659e-10
-0.00916716 -2.05083e-10
-0.00907729 -1.99672e-10
-0.00898742 -1.86518e-10
-0.00889754 -1.82372e-10
-0.00880767 -1.74417e-10
-0.00871779 -1.70897e-10
-0.00862792 -1.64491e-10
-0.00853805 -1.54698e-10
-0.00844817 -1.50379e-10
-0.0083583 -1.45199e-10
-0.00826842 -1.45713e-10
-0.00817855 -1.47603e-10
-0.00808867 -1.48603e-10
-0.0079988 -1.42952e-10
-0.00790893 -1.37021e-10
-0.00781905 -1.36785e-10
-0.00772918 -1.28445e-10
-0.0076393 -1.28293e-10
-0.00754943 -1.18801e-10
-0.00745956 -1.11184e-10
-0.00736968 -1.04959e-10
-0.00727981 -9.87226e-11
-0.00718993 -9.28382e-11
-0.00710006 -8.82895e-11
-0.00701018 -9.10091e-11
-0.00692031 -8.94736e-11
-0.00683044 -9.27095e-11
-0.00674056 -9.56489e-11
-0.00665069 -9.50447e-11
-0.00656081 -9.9825e-11
-0.00647094 -9.93061e-11
-0.00638107 -1.01486e-10
-0.00629119 -1.03767e-10
-0.00620132 -1.046e-10
-0.00611144 -1.05884e-10
-0.00602157 -1.07842e-10
-0.00593169 -1.21837e-10
-0.00584182 -1.34062e-10
-0.00575195 -1.44527e-10
-0.00566207 -1.56555e-10
-0.0055722 -1.65718e-10
-0.00548232 -1.84816e-10
-0.00539245 -1.96768e-10
-0.00530258 -2.08308e-10
-0.0052127 -2.20946e-10
-0.00512283 -2.28599e-10
-0.00503295 -2.37624e-10
-0.00494308 -2.43195e-10
-0.0048532 -2.54092e-10
-0.00476333 -2.62833e-10
-0.00467346 -2.69133e-10
-0.00458358 -2.75037e-10
-0.00449371 -2.83087e-10
-0.00440383 -2.94661e-10
-0.00431396 -2.97168e-10
-0.00422409 -3.01413e-10
-0.00413421 -3.06169e-10
-0.00404434 -3.07223e-10
-0.00395446 -3.10634e-10
-0.00386459 -3.053e-10
-0.00377471 -2.98028e-10
-0.00368484 -2.94515e-10
-0.00359497 -2.87721e-10
-0.00350509 -2.8176e-10
-0.00341522 -2.78313e-10
-0.00332534 -2.71476e-10
-0.00323547 -2.62062e-10
-0.0031456 -2.54296e-10
-0.00305572 -2.4819e-10
-0.00296585 -2.43741e-10
-0.00287597 -2.36269e-10
-0.0027861 -2.21501e-10
-0.00269622 -2.10866e-10
-0.00260635 -2.0235e-10
-0.00251648 -1.86392e-10
-0.0024266 -1.76542e-10
-0.00233673 -1.66919e-10
-0.00224685 -1.5568e-10
-0.00215698 -1.46531e-10
-0.00206711 -1.37577e-10
-0.00197723 -1.29676e-10
-0.00188736 -1.1802e-10
-0.00179748 -1.07059e-10
-0.00170761 -9.82013e-11
-0.00161773 -9.40948e-11
-0.00152786 -8.5863e-11
-0.00143799 -7.27731e-11
-0.00134811 -6.43818e-11
-0.00125824 -5.46619e-11
-0.00116836 -5.11803e-11
-0.00107849 -4.95161e-11
-0.000988616 -4.6336e-11
-0.000898742 -3.60092e-11
-0.000808867 -2.51181e-11
-0.000718993 -2.33825e-11
-0.000629119 -2.50411e-11
-0.000539245 -1.89729e-11
-0.000449371 -1.69406e-11
-0.000359497 -8.85172e-12
-0.000269622 2.57038e-12
-0.000179748 4.2642e-12
-8.98742e-05 4.57384e-13
0 0
8.98742e-05 7.12863e-12
0.000179748 1.71574e-11
0.000269622 2.04174e-11
0.000359497 1.63502e-11
0.000449371 1.9104e-11
0.000539245 2.71889e-11
0.000629119 3.14748e-11
0.000718993 4.58844e-11
0.000808867 5.86056e-11
0.000898742 6.16875e-11
0.000988616 6.52227e-11
0.00107849 7.49458e-11
0.00116836 8.69268e-11
0.00125824 9.63416e-11
0.00134811 9.9385e-11
0.00143799 1.06807e-10
0.00152786 1.12348e-10
0.00161773 1.22236e-10
0.00170761 1.35964e-10
0.00179748 1.4826e-10
0.00188736 1.5857e-10
0.00197723 1.68796e-10
0.00206711 1.78381e-10
0.00215698 1.85148e-10
0.00224685 1.92331e-10
0.00233673 1.96063e-10
0.0024266 2.00489e-10
0.00251648 2.05549e-10
0.00260635 2.04793e-10
0.00269622 2.10349e-10
0.0027861 2.12487e-10
0.00287597 2.09707e-10
0.00296585 2.14102e-10
0.00305572 2.19211e-10
0.0031456 2.1813e-10
0.00323547 2.15593e-10
0.00332534 2.10657e-10
0.00341522 2.07407e-10
0.00350509 2.06114e-10
0.00359497 2.00177e-10
0.00368484 1.9381e-10
0.00377471 1.90798e-10
0.00386459 1.81076e-10
0.00395446 1.72551e-10
0.00404434 1.71728e-10
0.00413421 1.6651e-10
0.00422409 1.65124e-10
0.00431396 1.63205e-10
0.00440383 1.58603e-10
0.00449371 1.60931e-10
0.00458358 1.58188e-10
0.00467346 1.51748e-10
0.00476333 1.48215e-10
0.0048532 1.47221e-10
0.00494308 1.47473e-10
0.00503295 1.45789e-10
0.00512283 1.448e-10
0.0052127 1.44667e-10
0.00530258 1.52193e-10
0.00539245 1.57717e-10
0.00548232 1.63166e-10
0.0055722 1.74765e-10
0.00566207 1.74304e-10
0.00575195 1.77174e-10
0.00584182 1.78873e-10
0.00593169 1.83578e-10
0.00602157 1.92639e-10
0.00611144 1.91462e-10
0.00620132 1.92039e-10
0.00629119 1.94974e-10
0.00638107 2.00404e-10
0.00647094 2.05288e-10
0.00656081 2.07789e-10
0.00665069 2.14431e-10
0.00674056 2.16441e-10
0.00683044 2.20519e-10
0.00692031 2.22418e-10
0.00701018 2.21331e-10
0.00710006 2.24549e-10
0.00718993 2.22122e-10
0.00727981 2.2076e-10
0.00736968 2.18531e-10
0.00745956 2.16847e-10
0.00754943 2.13126e-10
0.0076393 2.08337e-10
0.00772918 2.13692e-10
0.00781905 2.09934e-10
0.00790893 2.12231e-10
0.0079988 2.07508e-10
0.00808867 2.01724e-10
0.00817855 2.01498e-10
0.00826842 2.019e-10
0.0083583 2.01138e-10
0.00844817 1.96477e-10
0.00853805 1.92041e-10
0.00862792 1.81353e-10
0.00871779 1.75733e-10
0.00880767 1.74022e-10
0.00889754 1.66621e-10
0.00898742 1.64944e-10
0.00907729 1.54178e-10
0.00916716 1.48659e-10
0.00925704 1.44743e-10
0.00934691 1.46456e-10
0.00943679 1.44296e-10
0.00952666 1.38943e-10
0.00961653 1.35583e-10
0.00970641 1.23702e-10
0.00979628 1.13367e-10
0.00988616 1.05863e-10
0.00997603 9.76125e-11
0.0100659 8.93305e-11
0.0101558 7.60303e-11
0.0102457 6.77613e-11
0.0103355 6.27021e-11
0.0104254 5.9531e-11
0.0105153 5.42662e-11
0.0106052 4.60663e-11
0.010695 4.28425e-11
0.0107849 3.69844e-11
0.0108748 2.95884e-11
0.0109646 1.97597e-11
0.0110545 7.63414e-12
0.0111444 -3.91472e-12
0.0112343 -2.06732e-11
0.0113241 -2.96115e-11
0.011414 -3.60654e-11
0.0115039 -4.2742e-11
0.0115938 -4.66381e-11
0.0116836 -5.94457e-11
0.0117735 -6.13445e-11
0.0118634 -6.22695e-11
0.0119533 -7.13929e-11
0.0120431 -8.38491e-11
0.012133 -9.21735e-11
0.0122229 -1.04571e-10
0.0123128 -1.19198e-10
0.0124026 -1.27127e-10
0.0124925 -1.36865e-10
0.0125824 -1.42958e-10
0.0126723 -1.49747e-10
0.0127621 -1.59452e-10
0.012852 -1.60761e-10
0.0129419 -1.63307e-10
0.0130318 -1.78086e-10
0.0131216 -1.84432e-10
0.0132115 -1.86567e-10
0.0133014 -1.93343e-10
0.0133912 -1.99081e-10
0.0134811 -2.05271e-10
0.013571 -2.14761e-10
0.0136609 -2.22267e-10
0.0137507 -2.26735e-10
0.0138406 -2.32292e-10
0.0139305 -2.33951e-10
0.0140204 -2.375e-10
0.0141102 -2.4397e-10
0.0142001 -2.42363e-10
0.01429 -2.39407e-10
0.0143799 -2.33318e-10
0.0144697 -2.36783e-10
0.0145596 -2.3689e-10
0.0146495 -2.39968e-10
0.0147394 -2.39501e-10
0.0148292 -2.43165e-10
0.0149191 -2.47808e-10
0.015009 -2.53207e-10
0.0150989 -2.56617e-10
0.0151887 -2.55848e-10
0.0152786 -2.56159e-10
0.0153685 -2.5403e-10
0.0154584 -2.51213e-10
0.0155482 -2.55652e-10
0.0156381 -2.58691e-10
0.015728 -2.61768e-10
0.0158179 -2.62398e-10
0.0159077 -2.71927e-10
0.0159976 -2.82042e-10
0.0160875 -2.95274e-10
0.0161773 -2.95264e-10
0.0162672 -2.99722e-10
0.0163571 -3.03823e-10
0.016447 -3.11411e-10
0.0165368 -3.14211e-10
0.0166267 -3.20967e-10
0.0167166 -3.29017e-10
0.0168065 -3.38001e-10
0.0168963 -3.40936e-10
0.0169862 -3.49666e-10
0.0170761 -3.63768e-10
0.017166 -3.68779e-10
0.0172558 -3.70291e-10
0.0173457 -3.75185e-10
0.0174356 -3.74227e-10
0.0175255 -3.76785e-10
0.0176153 -3.79718e-10
0.0177052 -3.82766e-10
0.0177951 -3.79747e-10
0.017885 -3.84798e-10
0.0179748 -3.80901e-10
0.0180647 -3.79051e-10
0.0181546 -3.77761e-10
0.0182445 -3.74967e-10
0.0183343 -3.74304e-10
0.0184242 -3.72998e-10
0.0185141 -3.6057e-10
0.018604 -3.53977e-10
0.0186938 -3.45341e-10
0.0187837 -3.35789e-10
0.0188736 -3.28721e-10
0.0189634 -3.22176e-10
0.0190533 -3.13302e-10
0.0191432 -3.00559e-10
0.0192331 -2.91141e-10
0.0193229 -2.85899e-10
0.0194128 -2.75439e-10
0.0195027 -2.69167e-10
0.0195926 -2.60398e-10
0.0196824 -2.52486e-10
0.0197723 -2.41591e-10
0.0198622 -2.37375e-10
0.0199521 -2.37242e-10
0.0200419 -2.29114e-10
0.0201318 -2.2252e-10
0.0202217 -2.15905e-10
0.0203116 -2.17959e-10
0.0204014 -2.18485e-10
0.0204913 -2.1391e-10
0.0205812 -2.19045e-10
0.0206711 -2.28677e-10
0.0207609 -2.32097e-10
0.0208508 -2.4173e-10
0.0209407 -2.50589e-10
0.0210306 -2.59679e-10
0.0211204 -2.61154e-10
0.0212103 -2.66692e-10
0.0213002 -2.77792e-10
0.02139 -2.87844e-10
0.0214799 -2.95769e-10
0.0215698 -3.05836e-10
0.0216597 -3.20058e-10
0.0217495 -3.40187e-10
0.0218394 -3.53375e-10
0.0219293 -3.78678e-10
0.0220192 -3.95066e-10
0.022109 -4.10154e-10
0.0221989 -4.23984e-10
0.0222888 -4.39863e-10
0.0223787 -4.53325e-10
0.0224685 -4.64117e-10
0.0225584 -4.67988e-10
0.0226483 -4.7199e-10
0.0227382 -4.83052e-10
0.022828 -4.97964e-10
0.0229179 -5.09264e-10
0.0230078 -5.30939e-10
0.0230977 -5.40599e-10
0.0231875 -5.54771e-10
0.0232774 -5.69516e-10
0.0233673 -5.80527e-10
0.0234572 -5.90693e-10
0.023547 -5.96188e-10
0.0236369 -5.97287e-10
0.0237268 -6.06042e-10
0.0238167 -6.20821e-10
0.0239065 -6.30012e-10
0.0239964 -6.36272e-10
0.0240863 -6.42751e-10
0.0241761 -6.48679e-10
0.024266 -6.63435e-10
0.0243559 -6.80276e-10
0.0244458 -6.92942e-10
0.0245356 -7.0485e-10
0.0246255 -7.14204e-10
0.0247154 -7.27051e-10
0.0248053 -7.45356e-10
0.0248951 -7.66619e-10
0.024985 -7.82869e-10
0.0250749 -7.96519e-10
0.0251648 -8.12949e-10
0.0252546 -8.23655e-10
0.0253445 -8.43362e-10
0.0254344 -8.60587e-10
0.0255243 -8.7587e-10
0.0256141 -8.93051e-10
0.025704 -9.08084e-10
0.0257939 -9.21886e-10
0.0258838 -9.32175e-10
0.0259736 -9.49151e-10
0.0260635 -9.6219e-10
0.0261534 -9.815e-10
0.0262433 -9.90537e-10
0.0263331 -9.99501e-10
0.026423 -1.01176e-09
0.0265129 -1.02563e-09
0.0266028 -1.03796e-09
0.0266926 -1.051e-09
0.0267825 -1.06154e-09
0.0268724 -1.06654e-09
0.0269622 -1.07447e-09
0.0270521 -1.08401e-09
0.027142 -1.09248e-09
0.0272319 -1.09838e-09
0.0273217 -1.09808e-09
0.0274116 -1.11264e-09
0.0275015 -1.12219e-09
0.0275914 -1.1369e-09
0.0276812 -1.14482e-09
0.0277711 -1.15431e-09
0.027861 -1.15844e-09
0.0279509 -1.16635e-09
0.0280407 -1.1769e-09
0.0281306 -1.18879e-09
0.0282205 -1.19792e-09
0.0283104 -1.20374e-09
0.0284002 -1.21017e-09
0.0284901 -1.21926e-09
0.02858 -1.22289e-09
0.0286699 -1.23357e-09
0.0287597 -1.24055e-09
0.0288496 -1.24388e-09
0.0289395 -1.24517e-09
0.0290294 -1.25404e-09
0.0291192 -1.2573e-09
0.0292091 -1.25775e-09
0.029299 -1.2591e-09
0.0293888 -1.26143e-09
0.0294787 -1.25278e-09
0.0295686 -1.2501e-09
0.0296585 -1.25148e-09
0.0297483 -1.25274e-09
0.0298382 -1.24838e-09
0.0299281 -1.24604e-09
0.030018 -1.24882e-09
0.0301078 -1.25248e-09
0.0301977 -1.25819e-09
0.0302876 -1.25899e-09
0.0303775 -1.26887e-09
0.0304673 -1.2692e-09
0.0305572 -1.2755e-09
0.0306471 -1.28657e-09
0.030737 -1.29144e-09
0.0308268 -1.29725e-09
0.0309167 -1.30215e-09
0.0310066 -1.3205e-09
0.0310965 -1.3364e-09
0.0311863 -1.3605e-09
0.0312762 -1.37691e-09
0.0313661 -1.39388e-09
0.031456 -1.40539e-09
0.0315458 -1.41903e-09
0.0316357 -1.446e-09
0.0317256 -1.46283e-09
0.0318155 -1.47459e-09
0.0319053 -1.49234e-09
0.0319952 -1.51214e-09
0.0320851 -1.52928e-09
0.0321749 -1.54788e-09
0.0322648 -1.56261e-09
0.0323547 -1.57599e-09
0.0324446 -1.58636e-09
0.0325344 -1.58869e-09
0.0326243 -1.59452e-09
0.0327142 -1.60253e-09
0.0328041 -1.61737e-09
0.0328939 -1.628e-09
0.0329838 -1.64095e-09
0.0330737 -1.64899e-09
0.0331636 -1.6602e-09
0.0332534 -1.6616e-09
0.0333433 -1.66596e-09
0.0334332 -1.67916e-09
0.0335231 -1.68578e-09
0.0336129 -1.69545e-09
0.0337028 -1.69823e-09
0.0337927 -1.70584e-09
0.0338826 -1.71612e-09
0.0339724 -1.72621e-09
0.0340623 -1.73395e-09
0.0341522 -1.74799e-09
0.0342421 -1.75111e-09
0.0343319 -1.75215e-09
0.0344218 -1.75725e-09
0.0345117 -1.76068e-09
0.0346016 -1.77197e-09
0.0346914 -1.77542e-09
0.0347813 -1.78164e-09
0.0348712 -1.78363e-09
0.034961 -1.79176e-09
0.0350509 -1.801e-09
0.0351408 -1.80443e-09
0.0352307 -1.81786e-09
0.0353205 -1.82448e-09
0.0354104 -1.83109e-09
0.0355003 -1.83023e-09
0.0355902 -1.83033e-09
0.03568 -1.82703e-09
0.0357699 -1.82515e-09
0.0358598 -1.82143e-09
0.0359497 -1.81553e-09
0.0360395 -1.81331e-09
0.0361294 -1.81547e-09
0.0362193 -1.80934e-09
0.0363092 -1.80964e-09
0.036399 -1.80877e-09
0.0364889 -1.79929e-09
0.0365788 -1.79808e-09
0.0366687 -1.78682e-09
0.0367585 -1.77556e-09
0.0368484 -1.76796e-09
0.0369383 -1.75685e-09
0.0370282 -1.75045e-09
0.037118 -1.74333e-09
0.0372079 -1.74382e-09
0.0372978 -1.73698e-09
0.0373876 -1.73164e-09
0.0374775 -1.72534e-09
0.0375674 -1.72585e-09
0.0376573 -1.73271e-09
0.0377471 -1.73189e-09
0.037837 -1.73181e-09
0.0379269 -1.73652e-09
0.0380168 -1.73877e-09
0.0381066 -1.7459e-09
0.0381965 -1.75306e-09
0.0382864 -1.76218e-09
0.0383763 -1.77467e-09
0.0384661 -1.78806e-09
0.038556 -1.80084e-09
0.0386459 -1.81923e-09
0.0387358 -1.82967e-09
0.0388256 -1.84032e-09
0.0389155 -1.85147e-09
0.0390054 -1.86143e-09
0.0390953 -1.86934e-09
0.0391851 -1.87663e-09
0.039275 -1.89138e-09
0.0393649 -1.90677e-09
0.0394548 -1.91407e-09
0.0395446 -1.92177e-09
0.0396345 -1.92852e-09
0.0397244 -1.93939e-09
0.0398143 -1.94988e-09
0.0399041 -1.95965e-09
0.039994 -1.96894e-09
0.0400839 -1.97789e-09
0.0401737 -1.98574e-09
0.0402636 -1.98687e-09
0.0403535 -1.99243e-09
0.0404434 -1.99781e-09
0.0405332 -2.00074e-09
0.0406231 -2.00655e-09
0.040713 -2.01571e-09
0.0408029 -2.02561e-09
0.0408927 -2.03306e-09
0.0409826 -2.04606e-09
0.0410725 -2.05943e-09
0.0411624 -2.06934e-09
0.0412522 -2.08827e-09
0.0413421 -2.09431e-09
0.041432 -2.10774e-09
0.0415219 -2.11904e-09
0.0416117 -2.12925e-09
0.0417016 -2.15366e-09
0.0417915 -2.17859e-09
0.0418814 -2.19439e-09
0.0419712 -2.21632e-09
0.0420611 -2.24489e-09
0.042151 -2.26617e-09
0.0422409 -2.29078e-09
0.0423307 -2.31699e-09
0.0424206 -2.34012e-09
0.0425105 -2.37288e-09
0.0426004 -2.38907e-09
0.0426902 -2.41152e-09
0.0427801 -2.44125e-09
0.04287 -2.46644e-09
0.0429598 -2.4841e-09
0.0430497 -2.51501e-09
0.0431396 -2.53202e-09
0.0432295 -2.55993e-09
0.0433193 -2.59098e-09
0.0434092 -2.60852e-09
0.0434991 -2.62806e-09
0.043589 -2.64318e-09
0.0436788 -2.6558e-09
0.0437687 -2.68377e-09
0.0438586 -2.70055e-09
0.0439485 -2.71192e-09
0.0440383 -2.72982e-09
0.0441282 -2.76097e-09
0.0442181 -2.78702e-09
0.044308 -2.81691e-09
0.0443978 -2.84296e-09
0.0444877 -2.85589e-09
0.0445776 -2.87059e-09
0.0446675 -2.88039e-09
0.0447573 -2.89368e-09
0.0448472 -2.90392e-09
0.0449371 -2.9223e-09
0.045027 -2.93165e-09
0.0451168 -2.95314e-09
0.0452067 -2.97706e-09
0.0452966 -2.98821e-09
0.0453865 -3.01549e-09
0.0454763 -3.03291e-09
0.0455662 -3.05582e-09
0.0456561 -3.07129e-09
0.0457459 -3.08834e-09
0.0458358 -3.10532e-09
0.0459257 -3.11203e-09
0.0460156 -3.13759e-09
0.0461054 -3.15136e-09
0.0461953 -3.16527e-09
0.0462852 -3.18401e-09
0.0463751 -3.20621e-09
0.0464649 -3.2275e-09
0.0465548 -3.2454e-09
0.0466447 -3.26187e-09
0.0467346 -3.27228e-09
0.0468244 -3.29552e-09
0.0469143 -3.31898e-09
0.0470042 -3.32944e-09
0.0470941 -3.34795e-09
0.0471839 -3.35526e-09
0.0472738 -3.35864e-09
0.0473637 -3.37921e-09
0.0474536 -3.38513e-09
0.0475434 -3.39402e-09
0.0476333 -3.40305e-09
0.0477232 -3.41346e-09
0.0478131 -3.42461e-09
0.0479029 -3.42914e-09
0.0479928 -3.434e-09
0.0480827 -3.42972e-09
0.0481725 -3.42522e-09
0.0482624 -3.42678e-09
0.0483523 -3.43328e-09
0.0484422 -3.43523e-09
0.048532 -3.44098e-09
0.0486219 -3.43918e-09
0.0487118 -3.43945e-09
0.0488017 -3.44879e-09
0.0488915 -3.45097e-09
0.0489814 -3.463e-09
0.0490713 -3.46918e-09
0.0491612 -3.47599e-09
0.049251 -3.4924e-09
0.0493409 -3.50753e-09
0.0494308 -3.51971e-09
0.0495207 -3.53317e-09
0.0496105 -3.54745e-09
0.0497004 -3.56364e-09
0.0497903 -3.5709e-09
0.0498802 -3.58709e-09
0.04997 -3.60264e-09
0.0500599 -3.61902e-09
0.0501498 -3.63852e-09
0.0502397 -3.66566e-09
0.0503295 -3.68133e-09
0.0504194 -3.70377e-09
0.0505093 -3.72116e-09
0.0505992 -3.7261e-09
0.050689 -3.72673e-09
0.0507789 -3.72969e-09
0.0508688 -3.72643e-09
0.0509586 -3.72509e-09
0.0510485 -3.72518e-09
0.0511384 -3.72643e-09
0.0512283 -3.72956e-09
0.0513181 -3.73273e-09
0.051408 -3.73559e-09
0.0514979 -3.74807e-09
0.0515878 -3.76014e-09
0.0516776 -3.77235e-09
0.0517675 -3.78565e-09
0.0518574 -3.79153e-09
0.0519473 -3.80904e-09
0.0520371 -3.81977e-09
0.052127 -3.83405e-09
0.0522169 -3.86652e-09
0.0523068 -3.89126e-09
0.0523966 -3.92462e-09
0.0524865 -3.96602e-09
0.0525764 -4.00072e-09
0.0526663 -4.02299e-09
0.0527561 -4.04786e-09
0.052846 -4.07289e-09
0.0529359 -4.08927e-09
0.0530258 -4.11338e-09
0.0531156 -4.13525e-09
0.0532055 -4.15423e-09
0.0532954 -4.18728e-09
0.0533853 -4.21621e-09
0.0534751 -4.22947e-09
0.053565 -4.24474e-09
0.0536549 -4.26041e-09
0.0537447 -4.28632e-09
0.0538346 -4.29836e-09
0.0539245 -4.30966e-09
0.0540144 -4.31209e-09
0.0541042 -4.31391e-09
0.0541941 -4.32317e-09
0.054284 -4.32396e-09
0.0543739 -4.33456e-09
0.0544637 -4.33768e-09
0.0545536 -4.3382e-09
0.0546435 -4.35026e-09
0.0547334 -4.36139e-09
0.0548232 -4.37179e-09
0.0549131 -4.37905e-09
0.055003 -4.3958e-09
0.0550929 -4.41855e-09
0.0551827 -4.43677e-09
0.0552726 -4.44524e-09
0.0553625 -4.44512e-09
0.0554524 -4.45493e-09
0.0555422 -4.45058e-09
0.0556321 -4.45972e-09
0.055722 -4.46567e-09
0.0558119 -4.47248e-09
0.0559017 -4.46101e-09
0.0559916 -4.47383e-09
0.0560815 -4.48636e-09
0.0561713 -4.50757e-09
0.0562612 -4.52917e-09
0.0563511 -4.52729e-09
0.056441 -4.53977e-09
0.0565308 -4.54119e-09
0.0566207 -4.53405e-09
0.0567106 -4.54504e-09
0.0568005 -4.5437e-09
0.0568903 -4.55069e-09
0.0569802 -4.54132e-09
0.0570701 -4.55197e-09
0.05716 -4.5573e-09
0.0572498 -4.55187e-09
0.0573397 -4.56496e-09
0.0574296 -4.57316e-09
0.0575195 -4.58824e-09
0.0576093 -4.59407e-09
0.0576992 -4.59264e-09
0.0577891 -4.60874e-09
0.057879 -4.60986e-09
0.0579688 -4.6275e-09
0.0580587 -4.6329e-09
0.0581486 -4.65896e-09
0.0582385 -4.66934e-09
0.0583283 -4.70081e-09
0.0584182 -4.71252e-09
0.0585081 -4.7305e-09
0.058598 -4.73898e-09
0.0586878 -4.75708e-09
0.0587777 -4.77719e-09
0.0588676 -4.78553e-09
0.0589574 -4.81514e-09
0.0590473 -4.85068e-09
0.0591372 -4.88906e-09
0.0592271 -4.91834e-09
0.0593169 -4.95361e-09
0.0594068 -4.99319e-09
0.0594967 -5.02859e-09
0.0595866 -5.06323e-09
0.0596764 -5.10484e-09
0.0597663 -5.14532e-09
0.0598562 -5.1857e-09
0.0599461 -5.22156e-09
0.0600359 -5.26363e-09
0.0601258 -5.31143e-09
0.0602157 -5.34054e-09
0.0603056 -5.36997e-09
0.0603954 -5.41028e-09
0.0604853 -5.45176e-09
0.0605752 -5.48554e-09
0.0606651 -5.50517e-09
0.0607549 -5.53858e-09
0.0608448 -5.58564e-09
0.0609347 -5.61516e-09
0.0610246 -5.64763e-09
0.0611144 -5.68411e-09
0.0612043 -5.72182e-09
0.0612942 -5.75463e-09
0.0613841 -5.79386e-09
0.0614739 -5.8348e-09
0.0615638 -5.86724e-09
0.0616537 -5.91151e-09
0.0617435 -5.92921e-09
0.0618334 -5.95656e-09
0.0619233 -5.98558e-09
0.0620132 -6.01676e-09
0.062103 -6.04165e-09
0.0621929 -6.08009e-09
0.0622828 -6.11095e-09
0.0623727 -6.14105e-09
0.0624625 -6.16176e-09
0.0625524 -6.19171e-09
0.0626423 -6.22875e-09
0.0627322 -6.25194e-09
0.062822 -6.25412e-09
0.0629119 -6.26504e-09
0.0630018 -6.27836e-09
0.0630917 -6.2803e-09
0.0631815 -6.2935e-09
0.0632714 -6.29497e-09
0.0633613 -6.29761e-09
0.0634512 -6.31438e-09
0.063541 -6.31816e-09
0.0636309 -6.31294e-09
0.0637208 -6.32324e-09
0.0638107 -6.32438e-09
0.0639005 -6.33234e-09
0.0639904 -6.32042e-09
0.0640803 -6.31696e-09
0.0641701 -6.30987e-09
0.06426 -6.30105e-09
0.0643499 -6.28324e-09
0.0644398 -6.29036e-09
0.0645296 -6.29215e-09
0.0646195 -6.29803e-09
0.0647094 -6.3076e-09
0.0647993 -6.34456e-09
0.0648891 -6.36917e-09
0.064979 -6.36802e-09
0.0650689 -6.37745e-09
0.0651588 -6.37704e-09
0.0652486 -6.39253e-09
0.0653385 -6.40296e-09
0.0654284 -6.4268e-09
0.0655183 -6.44513e-09
0.0656081 -6.45263e-09
0.065698 -6.46056e-09
0.0657879 -6.46168e-09
0.0658778 -6.48801e-09
0.0659676 -6.50646e-09
0.0660575 -6.51208e-09
0.0661474 -6.51416e-09
0.0662373 -6.52167e-09
0.0663271 -6.53269e-09
0.066417 -6.54685e-09
0.0665069 -6.52793e-09
0.0665968 -6.5044e-09
0.0666866 -6.52003e-09
0.0667765 -6.52327e-09
0.0668664 -6.53725e-09
0.0669562 -6.54737e-09
0.0670461 -6.57139e-09
0.067136 -6.58487e-09
0.0672259 -6.61076e-09
0.0673157 -6.63806e-09
0.0674056 -6.65983e-09
0.0674955 -6.70197e-09
0.0675854 -6.71645e-09
0.0676752 -6.72962e-09
0.0677651 -6.75085e-09
0.067855 -6.78004e-09
0.0679449 -6.78967e-09
0.0680347 -6.79952e-09
0.0681246 -6.81077e-09
0.0682145 -6.83425e-09
0.0683044 -6.83666e-09
0.0683942 -6.85654e-09
0.0684841 -6.86013e-09
0.068574 -6.85677e-09
0.0686639 -6.86429e-09
0.0687537 -6.84617e-09
0.0688436 -6.84023e-09
0.0689335 -6.85449e-09
0.0690234 -6.87152e-09
0.0691132 -6.8564e-09
0.0692031 -6.85927e-09
0.069293 -6.84698e-09
0.0693829 -6.85342e-09
0.0694727 -6.88027e-09
0.0695626 -6.90615e-09
0.0696525 -6.91907e-09
0.0697423 -6.92668e-09
0.0698322 -6.97561e-09
0.0699221 -7.01056e-09
0.070012 -7.04371e-09
0.0701018 -7.06926e-09
0.0701917 -7.0946e-09
0.0702816 -7.13695e-09
0.0703715 -7.164e-09
0.0704613 -7.18316e-09
0.0705512 -7.22399e-09
0.0706411 -7.25352e-09
0.070731 -7.30362e-09
0.0708208 -7.34832e-09
0.0709107 -7.36257e-09
0.0710006 -7.38441e-09
0.0710905 -7.41543e-09
0.0711803 -7.42967e-09
0.0712702 -7.45216e-09
0.0713601 -7.51009e-09
0.07145 -7.56851e-09
0.0715398 -7.62292e-09
0.0716297 -7.67617e-09
0.0717196 -7.72991e-09
0.0718095 -7.77834e-09
0.0718993 -7.80783e-09
0.0719892 -7.84757e-09
0.0720791 -7.90656e-09
0.0721689 -7.96551e-09
0.0722588 -8.01605e-09
0.0723487 -8.07844e-09
0.0724386 -8.10965e-09
0.0725284 -8.15445e-09
0.0726183 -8.17977e-09
0.0727082 -8.22663e-09
0.0727981 -8.26943e-09
0.0728879 -8.30051e-09
0.0729778 -8.33991e-09
0.0730677 -8.35605e-09
0.0731576 -8.38158e-09
0.0732474 -8.40854e-09
0.0733373 -8.42871e-09
0.0734272 -8.46383e-09
0.0735171 -8.50352e-09
0.0736069 -8.52656e-09
0.0736968 -8.56548e-09
0.0737867 -8.59839e-09
0.0738766 -8.63958e-09
0.0739664 -8.64129e-09
0.0740563 -8.66127e-09
0.0741462 -8.69517e-09
0.0742361 -8.72413e-09
0.0743259 -8.75086e-09
0.0744158 -8.7541e-09
0.0745057 -8.74374e-09
0.0745956 -8.74598e-09
0.0746854 -8.72321e-09
0.0747753 -8.69252e-09
0.0748652 -8.68082e-09
0.074955 -8.66884e-09
0.0750449 -8.66788e-09
0.0751348 -8.67387e-09
0.0752247 -8.65784e-09
0.0753145 -8.64311e-09
0.0754044 -8.65268e-09
0.0754943 -8.65818e-09
0.0755842 -8.66959e-09
0.075674 -8.67822e-09
0.0757639 -8.70287e-09
0.0758538 -8.72309e-09
0.0759437 -8.72605e-09
0.0760335 -8.75983e-09
0.0761234 -8.78706e-09
0.0762133 -8.82434e-09
0.0763032 -8.85836e-09
0.076393 -8.90927e-09
0.0764829 -8.95421e-09
0.0765728 -8.99905e-09
0.0766627 -9.0625e-09
0.0767525 -9.08444e-09
0.0768424 -9.10195e-09
0.0769323 -9.13358e-09
0.0770222 -9.16305e-09
0.077112 -9.20636e-09
0.0772019 -9.19204e-09
0.0772918 -9.20666e-09
0.0773817 -9.20067e-09
0.0774715 -9.17264e-09
0.0775614 -9.20883e-09
0.0776513 -9.21433e-09
0.0777411 -9.21469e-09
0.077831 -9.26782e-09
0.0779209 -9.31288e-09
0.0780108 -9.3459e-09
0.0781006 -9.35403e-09
0.0781905 -9.38881e-09
0.0782804 -9.42448e-09
0.0783703 -9.48502e-09
0.0784601 -9.51377e-09
0.07855 -9.54984e-09
0.0786399 -9.5795e-09
0.0787298 -9.62166e-09
0.0788196 -9.61889e-09
0.0789095 -9.63716e-09
0.0789994 -9.63181e-09
0.0790893 -9.66316e-09
0.0791791 -9.65988e-09
0.079269 -9.65595e-09
0.0793589 -9.64449e-09
0.0794488 -9.61633e-09
0.0795386 -9.61216e-09
0.0796285 -9.5854e-09
0.0797184 -9.54032e-09
0.0798083 -9.49131e-09
0.0798981 -9.50782e-09
0.079988 -9.48578e-09
0.0800779 -9.50072e-09
0.0801677 -9.49875e-09
0.0802576 -9.48337e-09
0.0803475 -9.46263e-09
0.0804374 -9.47645e-09
0.0805272 -9.46509e-09
0.0806171 -9.51188e-09
0.080707 -9.5159e-09
0.0807969 -9.55862e-09
0.0808867 -9.57861e-09
0.0809766 -9.57934e-09
0.0810665 -9.62234e-09
0.0811564 -9.67843e-09
0.0812462 -9.70391e-09
0.0813361 -9.75652e-09
0.081426 -9.76355e-09
0.0815159 -9.77359e-09
0.0816057 -9.79868e-09
0.0816956 -9.77148e-09
0.0817855 -9.83592e-09
0.0818754 -9.84231e-09
0.0819652 -9.87617e-09
0.0820551 -9.93886e-09
0.082145 -9.96897e-09
0.0822349 -9.99002e-09
0.0823247 -1.00576e-08
0.0824146 -1.01295e-08
0.0825045 -1.02099e-08
0.0825944 -1.02675e-08
0.0826842 -1.03559e-08
0.0827741 -1.04325e-08
0.082864 -1.05021e-08
0.0829538 -1.06115e-08
0.0830437 -1.06466e-08
0.0831336 -1.0757e-08
0.0832235 -1.08328e-08
0.0833133 -1.0865e-08
0.0834032 -1.09285e-08
0.0834931 -1.10025e-08
0.083583 -1.10351e-08
0.0836728 -1.1138e-08
0.0837627 -1.11754e-08
0.0838526 -1.12334e-08
0.0839425 -1.12236e-08
0.0840323 -1.12742e-08
0.0841222 -1.13245e-08
0.0842121 -1.13311e-08
0.084302 -1.13428e-08
0.0843918 -1.13483e-08
0.0844817 -1.13751e-08
0.0845716 -1.13693e-08
0.0846615 -1.14043e-08
0.0847513 -1.14459e-08
0.0848412 -1.15616e-08
0.0849311 -1.16124e-08
0.085021 -1.16834e-08
0.0851108 -1.16781e-08
0.0852007 -1.17213e-08
0.0852906 -1.17697e-08
0.0853805 -1.18281e-08
0.0854703 -1.18761e-08
0.0855602 -1.19102e-08
0.0856501 -1.19218e-08
0.0857399 -1.19291e-08
0.0858298 -1.19621e-08
0.0859197 -1.19817e-08
0.0860096 -1.19863e-08
0.0860994 -1.19831e-08
0.0861893 -1.20188e-08
0.0862792 -1.1961e-08
0.0863691 -1.19729e-08
0.0864589 -1.19649e-08
0.0865488 -1.19444e-08
0.0866387 -1.19219e-08
0.0867286 -1.19032e-08
0.0868184 -1.18681e-08
0.0869083 -1.18278e-08
0.0869982 -1.18249e-08
0.0870881 -1.18656e-08
0.0871779 -1.18359e-08
0.0872678 -1.18447e-08
0.0873577 -1.1877e-08
0.0874476 -1.1864e-08
0.0875374 -1.19074e-08
0.0876273 -1.19028e-08
0.0877172 -1.19342e-08
0.0878071 -1.192e-08
0.0878969 -1.19268e-08
0.0879868 -1.1897e-08
0.0880767 -1.18562e-08
0.0881665 -1.18028e-08
0.0882564 -1.1821e-08
0.0883463 -1.17945e-08
0.0884362 -1.17755e-08
0.088526 -1.17186e-08
0.0886159 -1.16857e-08
0.0887058 -1.16747e-08
0.0887957 -1.16882e-08
0.0888855 -1.16752e-08
0.0889754 -1.17002e-08
0.0890653 -1.17286e-08
0.0891552 -1.17137e-08
0.089245 -1.17435e-08
0.0893349 -1.17243e-08
0.0894248 -1.18243e-08
0.0895147 -1.1903e-08
0.0896045 -1.19939e-08
0.0896944 -1.20635e-08
0.0897843 -1.21481e-08
0.0898742 -1.22732e-08
0.089964 -1.23736e-08
0.0900539 -1.24135e-08
0.0901438 -1.24651e-08
0.0902337 -1.25582e-08
0.0903235 -1.26657e-08
0.0904134 -1.27638e-08
0.0905033 -1.28123e-08
0.0905932 -1.28892e-08
0.090683 -1.29569e-08
0.0907729 -1.311e-08
0.0908628 -1.32253e-08
0.0909526 -1.3308e-08
0.0910425 -1.33806e-08
0.0911324 -1.34898e-08
0.0912223 -1.35611e-08
0.0913121 -1.36535e-08
0.091402 -1.36876e-08
0.0914919 -1.37134e-08
0.0915818 -1.37676e-08
0.0916716 -1.38732e-08
0.0917615 -1.39509e-08
0.0918514 -1.39697e-08
0.0919413 -1.39648e-08
0.0920311 -1.40481e-08
0.092121 -1.41003e-08
0.0922109 -1.42022e-08
0.0923008 -1.42628e-08
0.0923906 -1.4238e-08
0.0924805 -1.42111e-08
0.0925704 -1.4189e-08
0.0926603 -1.41869e-08
0.0927501 -1.41963e-08
0.09284 -1.41574e-08
0.0929299 -1.42176e-08
0.0930198 -1.42006e-08
0.0931096 -1.41468e-08
0.0931995 -1.4133e-08
0.0932894 -1.41543e-08
0.0933793 -1.41167e-08
0.0934691 -1.41645e-08
0.093559 -1.42387e-08
0.0936489 -1.42893e-08
0.0937387 -1.42593e-08
0.0938286 -1.42816e-08
0.0939185 -1.42546e-08
0.0940084 -1.41931e-08
0.0940982 -1.42353e-08
0.0941881 -1.43131e-08
0.094278 -1.43446e-08
0.0943679 -1.44144e-08
0.0944577 -1.45214e-08
0.0945476 -1.45857e-08
0.0946375 -1.46742e-08
0.0947274 -1.47445e-08
0.0948172 -1.47874e-08
0.0949071 -1.48774e-08
0.094997 -1.49503e-08
0.0950869 -1.50095e-08
0.0951767 -1.50025e-08
0.0952666 -1.50315e-08
0.0953565 -1.49881e-08
0.0954464 -1.49629e-08
0.0955362 -1.50066e-08
0.0956261 -1.50336e-08
0.095716 -1.50878e-08
0.0958059 -1.5085e-08
0.0958957 -1.50527e-08
0.0959856 -1.49938e-08
0.0960755 -1.4965e-08
0.0961653 -1.49788e-08
0.0962552 -1.49991e-08
0.0963451 -1.4955e-08
0.096435 -1.49533e-08
0.0965248 -1.49601e-08
0.0966147 -1.49618e-08
0.0967046 -1.49058e-08
0.0967945 -1.48453e-08
0.0968843 -1.48021e-08
0.0969742 -1.47988e-08
0.0970641 -1.48604e-08
0.097154 -1.49368e-08
0.0972438 -1.4946e-08
0.0973337 -1.49358e-08
0.0974236 -1.48924e-08
0.0975135 -1.48807e-08
0.0976033 -1.48044e-08
0.0976932 -1.48164e-08
0.0977831 -1.47957e-08
0.097873 -1.4872e-08
0.0979628 -1.49037e-08
0.0980527 -1.4902e-08
0.0981426 -1.49328e-08
0.0982325 -1.48702e-08
0.0983223 -1.49337e-08
0.0984122 -1.50088e-08
0.0985021 -1.51386e-08
0.098592 -1.52659e-08
0.0986818 -1.54053e-08
0.0987717 -1.54752e-08
0.0988616 -1.55703e-08
0.0989514 -1.56463e-08
0.0990413 -1.56943e-08
0.0991312 -1.58469e-08
0.0992211 -1.59064e-08
0.0993109 -1.60206e-08
0.0994008 -1.60343e-08
0.0994907 -1.61347e-08
0.0995806 -1.61056e-08
0.0996704 -1.607e-08
0.0997603 -1.59767e-08
0.0998502 -1.59104e-08
0.0999401 -1.58871e-08
0.10003 -1.59273e-08
0.10012 -1.59657e-08
0.10021 -1.59042e-08
0.1003 -1.58838e-08
0.100389 -1.58818e-08
0.100479 -1.59515e-08
0.100569 -1.59652e-08
0.100659 -1.59789e-08
0.100749 -1.60134e-08
0.100839 -1.61924e-08
0.100929 -1.63623e-08
0.101019 -1.64537e-08
0.101108 -1.66124e-08
0.101198 -1.67722e-08
0.101288 -1.69157e-08
0.101378 -1.70925e-08
0.101468 -1.72506e-08
0.101558 -1.73818e-08
0.101648 -1.74072e-08
0.101738 -1.75595e-08
0.101827 -1.76214e-08
0.101917 -1.77279e-08
0.102007 -1.77404e-08
0.102097 -1.78164e-08
0.102187 -1.77665e-08
0.102277 -1.77857e-08
0.102367 -1.77806e-08
0.102457 -1.78898e-08
0.102546 -1.78695e-08
0.102636 -1.7909e-08
0.102726 -1.80736e-08
0.102816 -1.80932e-08
0.102906 -1.81927e-08
0.102996 -1.81335e-08
0.103086 -1.8128e-08
0.103176 -1.81685e-08
0.103265 -1.82176e-08
0.103355 -1.81683e-08
0.103445 -1.81029e-08
0.103535 -1.80071e-08
0.103625 -1.80598e-08
0.103715 -1.80617e-08
0.103805 -1.80879e-08
0.103895 -1.80965e-08
0.103984 -1.80212e-08
0.104074 -1.80366e-08
0.104164 -1.79237e-08
0.104254 -1.78034e-08
0.104344 -1.77778e-08
0.104434 -1.78013e-08
0.104524 -1.77447e-08
0.104614 -1.77071e-08
0.104703 -1.75674e-08
0.104793 -1.74314e-08
0.104883 -1.72712e-08
0.104973 -1.72096e-08
0.105063 -1.71324e-08
0.105153 -1.70677e-08
0.105243 -1.70224e-08
0.105333 -1.70116e-08
0.105422 -1.70156e-08
0.105512 -1.69716e-08
0.105602 -1.70163e-08
0.105692 -1.70528e-08
0.105782 -1.71418e-08
0.105872 -1.71076e-08
0.105962 -1.71722e-08
0.106052 -1.71953e-08
0.106141 -1.72717e-08
0.106231 -1.72437e-08
0.106321 -1.73329e-08
0.106411 -1.72961e-08
0.106501 -1.73665e-08
0.106591 -1.74418e-08
0.106681 -1.75722e-08
0.106771 -1.75891e-08
0.10686 -1.7709e-08
0.10695 -1.79019e-08
0.10704 -1.79589e-08
0.10713 -1.82402e-08
0.10722 -1.83219e-08
0.10731 -1.86511e-08
0.1074 -1.88453e-08
0.107489 -1.90044e-08
0.107579 -1.91408e-08
0.107669 -1.94145e-08
0.107759 -1.93944e-08
0.107849 -1.96139e-08
0.107939 -1.97128e-08
0.108029 -1.98894e-08
0.108119 -1.99255e-08
0.108208 -2.00435e-08
0.108298 -2.02864e-08
0.108388 -2.03552e-08
0.108478 -2.04208e-08
0.108568 -2.05334e-08
0.108658 -2.05104e-08
0.108748 -2.05142e-08
0.108838 -2.05645e-08
0.108927 -2.06253e-08
0.109017 -2.05651e-08
0.109107 -2.05996e-08
0.109197 -2.05456e-08
0.109287 -2.04457e-08
0.109377 -2.04727e-08
0.109467 -2.03135e-08
0.109557 -2.02359e-08
0.109646 -2.00752e-08
0.109736 -1.98819e-08
0.109826 -1.98157e-08
0.109916 -1.97304e-08
0.110006 -1.95843e-08
0.110096 -1.95188e-08
0.110186 -1.95964e-08
0.110276 -1.96503e-08
0.110365 -1.95393e-08
0.110455 -1.9391e-08
0.110545 -1.94544e-08
0.110635 -1.94343e-08
0.110725 -1.93799e-08
0.110815 -1.9521e-08
0.110905 -1.9506e-08
0.110995 -1.95987e-08
0.111084 -1.96257e-08
0.111174 -1.96591e-08
0.111264 -1.96143e-08
0.111354 -1.97737e-08
0.111444 -1.98819e-08
0.111534 -1.99124e-08
0.111624 -1.99034e-08
0.111714 -2.01457e-08
0.111803 -2.02934e-08
0.111893 -2.04692e-08
0.111983 -2.05156e-08
0.112073 -2.06057e-08
0.112163 -2.08767e-08
0.112253 -2.11567e-08
0.112343 -2.12257e-08
0.112433 -2.13173e-08
0.112522 -2.13493e-08
0.112612 -2.14475e-08
0.112702 -2.14144e-08
0.112792 -2.13438e-08
0.112882 -2.13186e-08
0.112972 -2.12798e-08
0.113062 -2.12368e-08
0.113152 -2.10799e-08
0.113241 -2.08085e-08
0.113331 -2.06543e-08
0.113421 -2.04315e-08
0.113511 -2.01388e-08
0.113601 -2.01252e-08
0.113691 -1.9987e-08
0.113781 -1.98862e-08
0.113871 -1.96819e-08
0.11396 -1.95641e-08
0.11405 -1.94668e-08
0.11414 -1.95118e-08
0.11423 -1.94723e-08
0.11432 -1.95029e-08
0.11441 -1.94563e-08
0.1145 -1.96342e-08
0.11459 -1.96825e-08
0.114679 -1.98748e-08
0.114769 -2.00316e-08
0.114859 -2.03266e-08
0.114949 -2.06344e-08
0.115039 -2.06484e-08
0.115129 -2.06677e-08
0.115219 -2.09182e-08
0.115309 -2.0957e-08
0.115398 -2.10124e-08
0.115488 -2.09836e-08
0.115578 -2.10358e-08
0.115668 -2.10782e-08
0.115758 -2.09357e-08
0.115848 -2.0942e-08
0.115938 -2.09436e-08
0.116028 -2.09131e-08
0.116117 -2.12837e-08
0.116207 -2.13178e-08
0.116297 -2.12891e-08
0.116387 -2.13044e-08
0.116477 -2.16102e-08
0.116567 -2.19162e-08
0.116657 -2.21411e-08
0.116747 -2.22881e-08
0.116836 -2.24546e-08
0.116926 -2.25158e-08
0.117016 -2.28114e-08
0.117106 -2.30591e-08
0.117196 -2.32476e-08
0.117286 -2.33933e-08
0.117376 -2.36506e-08
0.117466 -2.39485e-08
0.117555 -2.39817e-08
0.117645 -2.41949e-08
0.117735 -2.41477e-08
0.117825 -2.42414e-08
0.117915 -2.42491e-08
0.118005 -2.40967e-08
0.118095 -2.3938e-08
0.118185 -2.36994e-08
0.118274 -2.33979e-08
0.118364 -2.3302e-08
0.118454 -2.31916e-08
0.118544 -2.30348e-08
0.118634 -2.26356e-08
0.118724 -2.21927e-08
0.118814 -2.19486e-08
0.118904 -2.17897e-08
0.118993 -2.17993e-08
0.119083 -2.17154e-08
0.119173 -2.1541e-08
0.119263 -2.1498e-08
0.119353 -2.14894e-08
0.119443 -2.14006e-08
0.119533 -2.11461e-08
0.119623 -2.12691e-08
0.119712 -2.14867e-08
0.119802 -2.18944e-08
0.119892 -2.20963e-08
0.119982 -2.23775e-08
0.120072 -2.24686e-08
0.120162 -2.2819e-08
0.120252 -2.32477e-08
0.120341 -2.37057e-08
0.120431 -2.39394e-08
0.120521 -2.43242e-08
0.120611 -2.45144e-08
0.120701 -2.44326e-08
0.120791 -2.45137e-08
0.120881 -2.47379e-08
0.120971 -2.47507e-08
0.12106 -2.47264e-08
0.12115 -2.4979e-08
0.12124 -2.48721e-08
0.12133 -2.47352e-08
0.12142 -2.4823e-08
0.12151 -2.45547e-08
0.1216 -2.44435e-08
0.12169 -2.46152e-08
0.121779 -2.46489e-08
0.121869 -2.43684e-08
0.121959 -2.40368e-08
0.122049 -2.38947e-08
0.122139 -2.37498e-08
0.122229 -2.36134e-08
0.122319 -2.35283e-08
0.122409 -2.339e-08
0.122498 -2.31892e-08
0.122588 -2.33612e-08
0.122678 -2.32843e-08
0.122768 -2.31247e-08
0.122858 -2.33776e-08
0.122948 -2.36135e-08
0.123038 -2.36872e-08
0.123128 -2.39903e-08
0.123217 -2.37445e-08
0.123307 -2.40223e-08
0.123397 -2.41961e-08
0.123487 -2.43865e-08
0.123577 -2.43322e-08
0.123667 -2.45656e-08
0.123757 -2.46999e-08
0.123847 -2.48805e-08
0.123936 -2.45247e-08
0.124026 -2.4867e-08
0.124116 -2.47419e-08
0.124206 -2.49074e-08
0.124296 -2.52227e-08
0.124386 -2.52919e-08
0.124476 -2.54532e-08
0.124566 -2.55231e-08
0.124655 -2.57166e-08
0.124745 -2.53835e-08
0.124835 -2.49936e-08
0.124925 -2.46764e-08
0.125015 -2.44905e-08
0.125105 -2.42739e-08
0.125195 -2.39325e-08
0.125285 -2.36289e-08
0.125374 -2.32189e-08
0.125464 -2.26449e-08
0.125554 -2.22465e-08
0.125644 -2.22794e-08
0.125734 -2.21767e-08
0.125824 -2.24261e-08
0.125914 -2.25021e-08
0.126004 -2.27493e-08
0.126093 -2.24582e-08
0.126183 -2.25689e-08
0.126273 -2.27918e-08
0.126363 -2.26594e-08
0.126453 -2.28041e-08
0.126543 -2.29435e-08
0.126633 -2.30055e-08
0.126723 -2.29989e-08
0.126812 -2.25757e-08
0.126902 -2.28844e-08
0.126992 -2.30036e-08
0.127082 -2.32366e-08
0.127172 -2.36081e-08
0.127262 -2.37522e-08
0.127352 -2.40285e-08
0.127442 -2.43768e-08
0.127531 -2.43334e-08
0.127621 -2.48103e-08
0.127711 -2.46685e-08
0.127801 -2.49477e-08
0.127891 -2.53097e-08
0.127981 -2.44497e-08
0.128071 -2.41881e-08
0.128161 -2.43506e-08
0.12825 -2.43595e-08
0.12834 -2.36458e-08
0.12843 -2.33973e-08
0.12852 -2.34982e-08
0.12861 -2.31294e-08
0.1287 -2.26584e-08
0.12879 -2.28444e-08
0.12888 -2.25386e-08
0.128969 -2.26554e-08
0.129059 -2.28084e-08
0.129149 -2.24762e-08
0.129239 -2.17041e-08
0.129329 -2.15899e-08
0.129419 -2.14359e-08
0.129509 -2.11452e-08
0.129599 -2.09639e-08
0.129688 -2.17289e-08
0.129778 -2.20354e-08
0.129868 -2.26148e-08
0.129958 -2.25267e-08
0.130048 -2.3074e-08
0.130138 -2.34881e-08
0.130228 -2.39841e-08
0.130318 -2.44251e-08
0.130407 -2.49379e-08
0.130497 -2.56114e-08
0.130587 -2.60945e-08
0.130677 -2.61556e-08
0.130767 -2.60779e-08
0.130857 -2.59529e-08
0.130947 -2.59616e-08
0.131037 -2.64034e-08
0.131126 -2.60756e-08
0.131216 -2.60155e-08
0.131306 -2.62157e-08
0.131396 -2.63839e-08
0.131486 -2.60331e-08
0.131576 -2.56049e-08
0.131666 -2.52672e-08
0.131756 -2.49683e-08
0.131845 -2.44755e-08
0.131935 -2.38693e-08
0.132025 -2.32633e-08
0.132115 -2.29341e-08
0.132205 -2.24635e-08
0.132295 -2.20515e-08
0.132385 -2.16264e-08
0.132475 -2.1054e-08
0.132564 -2.0672e-08
0.132654 -2.01583e-08
0.132744 -1.96661e-08
0.132834 -1.94649e-08
0.132924 -1.90812e-08
0.133014 -1.91111e-08
0.133104 -1.90192e-08
0.133194 -1.87876e-08
0.133283 -1.92547e-08
0.133373 -1.9013e-08
0.133463 -1.88562e-08
0.133553 -1.93458e-08
0.133643 -2.01809e-08
0.133733 -2.1817e-08
0.133823 -2.26659e-08
0.133912 -2.30322e-08
0.134002 -2.37895e-08
0.134092 -2.41505e-08
0.134182 -2.4749e-08
0.134272 -2.41987e-08
0.134362 -2.40966e-08
0.134452 -2.39202e-08
0.134542 -2.40924e-08
0.134631 -2.36488e-08
0.134721 -2.33889e-08
0.134811 -2.26947e-08
