-0.134811 3.3924e-07
-0.134721 3.39176e-07
-0.134631 3.39224e-07
-0.134542 3.39191e-07
-0.134452 3.39265e-07
-0.134362 3.39307e-07
-0.134272 3.3919e-07
-0.134182 3.39175e-07
-0.134092 3.39196e-07
-0.134002 3.39172e-07
-0.133912 3.39127e-07
-0.133823 3.39063e-07
-0.133733 3.39259e-07
-0.133643 3.3907e-07
-0.133553 3.38914e-07
-0.133463 3.38848e-07
-0.133373 3.38502e-07
-0.133283 3.38268e-07
-0.133194 3.38137e-07
-0.133104 3.3795e-07
-0.133014 3.3752e-07
-0.132924 3.37408e-07
-0.132834 3.36662e-07
-0.132744 3.36837e-07
-0.132654 3.36589e-07
-0.132564 3.36076e-07
-0.132475 3.35254e-07
-0.132385 3.34014e-07
-0.132295 3.32263e-07
-0.132205 3.29572e-07
-0.132115 3.24656e-07
-0.132025 3.14682e-07
-0.131935 3.05134e-07
-0.131845 2.98594e-07
-0.131756 2.94999e-07
-0.131666 2.92422e-07
-0.131576 2.91354e-07
-0.131486 2.90764e-07
-0.131396 2.90204e-07
-0.131306 2.89552e-07
-0.131216 2.89117e-07
-0.131126 2.88855e-07
-0.131037 2.88517e-07
-0.130947 2.88139e-07
-0.130857 2.87813e-07
-0.130767 2.87637e-07
-0.130677 2.87291e-07
-0.130587 2.86681e-07
-0.130497 2.86376e-07
-0.130407 2.86116e-07
-0.130318 2.86002e-07
-0.130228 2.85994e-07
-0.130138 2.85974e-07
-0.130048 2.85979e-07
-0.129958 2.85915e-07
-0.129868 2.86056e-07
-0.129778 2.86088e-07
-0.129688 2.86227e-07
-0.129599 2.8609e-07
-0.129509 2.86005e-07
-0.129419 2.86203e-07
-0.129329 2.86208e-07
-0.129239 2.86299e-07
-0.129149 2.8626e-07
-0.129059 2.86228e-07
-0.128969 2.86197e-07
-0.12888 2.86081e-07
-0.12879 2.86066e-07
-0.1287 2.85813e-07
-0.12861 2.85761e-07
-0.12852 2.85443e-07
-0.12843 2.85232e-07
-0.12834 2.8511e-07
-0.12825 2.85014e-07
-0.128161 2.84847e-07
-0.128071 2.84663e-07
-0.127981 2.84471e-07
-0.127891 2.8442e-07
-0.127801 2.84276e-07
-0.127711 2.84003e-07
-0.127621 2.83977e-07
-0.127531 2.83658e-07
-0.127442 2.83046e-07
-0.127352 2.82699e-07
-0.127262 2.82069e-07
-0.127172 2.81445e-07
-0.127082 2.80522e-07
-0.126992 2.7969e-07
-0.126902 2.78201e-07
-0.126812 2.76585e-07
-0.126723 2.74916e-07
-0.126633 2.72675e-07
-0.126543 2.70002e-07
-0.126453 2.66915e-07
-0.126363 2.63684e-07
-0.126273 2.60677e-07
-0.126183 2.58037e-07
-0.126093 2.55557e-07
-0.126004 2.53125e-07
-0.125914 2.50949e-07
-0.125824 2.49222e-07
-0.125734 2.47988e-07
-0.125644 2.46776e-07
-0.125554 2.45918e-07
-0.125464 2.44835e-07
-0.125374 2.44371e-07
-0.125285 2.44072e-07
-0.125195 2.43534e-07
-0.125105 2.43108e-07
-0.125015 2.42856e-07
-0.124925 2.42764e-07
-0.124835 2.42461e-07
-0.124745 2.42258e-07
-0.124655 2.42056e-07
-0.124566 2.41964e-07
-0.124476 2.41922e-07
-0.124386 2.41975e-07
-0.124296 2.42151e-07
-0.124206 2.42113e-07
-0.124116 2.42082e-07
-0.124026 2.41953e-07
-0.123936 2.41804e-07
-0.123847 2.41622e-07
-0.123757 2.41491e-07
-0.123667 2.41375e-07
-0.123577 2.41173e-07
-0.123487 2.41027e-07
-0.123397 2.40722e-07
-0.123307 2.40575e-07
-0.123217 2.40591e-07
-0.123128 2.40254e-07
-0.123038 2.40045e-07
-0.122948 2.39923e-07
-0.122858 2.39798e-07
-0.122768 2.39779e-07
-0.122678 2.39774e-07
-0.122588 2.39487e-07
-0.122498 2.39308e-07
-0.122409 2.39047e-07
-0.122319 2.38839e-07
-0.122229 2.38587e-07
-0.122139 2.38216e-07
-0.122049 2.3783e-07
-0.121959 2.37289e-07
-0.121869 2.36354e-07
-0.121779 2.35403e-07
-0.12169 2.34736e-07
-0.1216 2.34025e-07
-0.12151 2.33091e-07
-0.12142 2.32029e-07
-0.12133 2.30905e-07
-0.12124 2.29508e-07
-0.12115 2.28188e-07
-0.12106 2.26557e-07
-0.120971 2.24812e-07
-0.120881 2.23138e-07
-0.120791 2.21378e-07
-0.120701 2.19673e-07
-0.120611 2.18241e-07
-0.120521 2.16635e-07
-0.120431 2.15213e-07
-0.120341 2.13761e-07
-0.120252 2.12639e-07
-0.120162 2.11587e-07
-0.120072 2.10425e-07
-0.119982 2.09672e-07
-0.119892 2.09074e-07
-0.119802 2.08479e-07
-0.119712 2.0801e-07
-0.119623 2.07513e-07
-0.119533 2.07134e-07
-0.119443 2.06647e-07
-0.119353 2.06279e-07
-0.119263 2.05861e-07
-0.119173 2.05745e-07
-0.119083 2.05222e-07
-0.118993 2.04856e-07
-0.118904 2.04652e-07
-0.118814 2.04361e-07
-0.118724 2.04258e-07
-0.118634 2.04109e-07
-0.118544 2.03901e-07
-0.118454 2.03657e-07
-0.118364 2.03632e-07
-0.118274 2.03632e-07
-0.118185 2.03546e-07
-0.118095 2.03544e-07
-0.118005 2.03396e-07
-0.117915 2.03352e-07
-0.117825 2.03366e-07
-0.117735 2.03302e-07
-0.117645 2.03173e-07
-0.117555 2.03084e-07
-0.117466 2.02702e-07
-0.117376 2.02598e-07
-0.117286 2.02361e-07
-0.117196 2.02177e-07
-0.117106 2.01904e-07
-0.117016 2.01626e-07
-0.116926 2.01385e-07
-0.116836 2.01082e-07
-0.116747 2.00715e-07
-0.116657 2.00319e-07
-0.116567 1.99834e-07
-0.116477 1.99126e-07
-0.116387 1.98215e-07
-0.116297 1.97578e-07
-0.116207 1.96862e-07
-0.116117 1.9605e-07
-0.116028 1.95149e-07
-0.115938 1.94242e-07
-0.115848 1.93366e-07
-0.115758 1.92054e-07
-0.115668 1.91023e-07
-0.115578 1.89842e-07
-0.115488 1.88698e-07
-0.115398 1.8764e-07
-0.115309 1.86456e-07
-0.115219 1.85225e-07
-0.115129 1.84034e-07
-0.115039 1.83069e-07
-0.114949 1.82031e-07
-0.114859 1.81278e-07
-0.114769 1.80515e-07
-0.114679 1.79694e-07
-0.11459 1.78991e-07
-0.1145 1.78283e-07
-0.11441 1.77588e-07
-0.11432 1.77121e-07
-0.11423 1.76605e-07
-0.11414 1.76175e-07
-0.11405 1.75694e-07
-0.11396 1.75178e-07
-0.113871 1.74793e-07
-0.113781 1.74671e-07
-0.113691 1.74312e-07
-0.113601 1.74025e-07
-0.113511 1.73785e-07
-0.113421 1.73632e-07
-0.113331 1.73587e-07
-0.113241 1.73579e-07
-0.113152 1.73516e-07
-0.113062 1.73356e-07
-0.112972 1.7322e-07
-0.112882 1.73149e-07
-0.112792 1.7305e-07
-0.112702 1.72777e-07
-0.112612 1.72654e-07
-0.112522 1.7246e-07
-0.112433 1.7225e-07
-0.112343 1.71942e-07
-0.112253 1.71865e-07
-0.112163 1.71736e-07
-0.112073 1.71461e-07
-0.111983 1.71244e-07
-0.111893 1.71081e-07
-0.111803 1.70762e-07
-0.111714 1.70369e-07
-0.111624 1.70004e-07
-0.111534 1.69816e-07
-0.111444 1.69453e-07
-0.111354 1.69138e-07
-0.111264 1.68739e-07
-0.111174 1.68447e-07
-0.111084 1.67958e-07
-0.110995 1.67357e-07
-0.110905 1.66714e-07
-0.110815 1.65974e-07
-0.110725 1.65078e-07
-0.110635 1.63961e-07
-0.110545 1.63062e-07
-0.110455 1.6201e-07
-0.110365 1.61059e-07
-0.110276 1.60257e-07
-0.110186 1.59222e-07
-0.110096 1.58181e-07
-0.110006 1.57252e-07
-0.109916 1.56521e-07
-0.109826 1.55813e-07
-0.109736 1.55281e-07
-0.109646 1.54699e-07
-0.109557 1.54121e-07
-0.109467 1.53576e-07
-0.109377 1.53121e-07
-0.109287 1.52575e-07
-0.109197 1.52117e-07
-0.109107 1.5151e-07
-0.109017 1.50915e-07
-0.108927 1.50545e-07
-0.108838 1.50154e-07
-0.108748 1.49824e-07
-0.108658 1.49447e-07
-0.108568 1.49251e-07
-0.108478 1.49134e-07
-0.108388 1.48982e-07
-0.108298 1.4886e-07
-0.108208 1.48726e-07
-0.108119 1.48687e-07
-0.108029 1.48511e-07
-0.107939 1.48368e-07
-0.107849 1.48347e-07
-0.107759 1.48208e-07
-0.107669 1.4804e-07
-0.107579 1.47912e-07
-0.107489 1.47862e-07
-0.1074 1.47678e-07
-0.10731 1.47479e-07
-0.10722 1.47286e-07
-0.10713 1.46994e-07
-0.10704 1.46792e-07
-0.10695 1.46507e-07
-0.10686 1.46253e-07
-0.106771 1.45871e-07
-0.106681 1.45629e-07
-0.106591 1.45353e-07
-0.106501 1.45019e-07
-0.106411 1.44821e-07
-0.106321 1.44409e-07
-0.106231 1.43971e-07
-0.106141 1.43541e-07
-0.106052 1.43031e-07
-0.105962 1.4251e-07
-0.105872 1.42079e-07
-0.105782 1.41384e-07
-0.105692 1.40791e-07
-0.105602 1.40137e-07
-0.105512 1.39401e-07
-0.105422 1.38692e-07
-0.105333 1.37919e-07
-0.105243 1.37193e-07
-0.105153 1.36406e-07
-0.105063 1.35702e-07
-0.104973 1.34899e-07
-0.104883 1.34334e-07
-0.104793 1.33676e-07
-0.104703 1.3303e-07
-0.104614 1.32489e-07
-0.104524 1.3199e-07
-0.104434 1.31452e-07
-0.104344 1.30962e-07
-0.104254 1.30455e-07
-0.104164 1.30107e-07
-0.104074 1.2975e-07
-0.103984 1.29527e-07
-0.103895 1.29233e-07
-0.103805 1.29072e-07
-0.103715 1.28877e-07
-0.103625 1.2874e-07
-0.103535 1.28506e-07
-0.103445 1.2837e-07
-0.103355 1.28235e-07
-0.103265 1.2796e-07
-0.103176 1.27831e-07
-0.103086 1.27742e-07
-0.102996 1.27637e-07
-0.102906 1.27512e-07
-0.102816 1.27427e-07
-0.102726 1.27237e-07
-0.102636 1.27169e-07
-0.102546 1.27052e-07
-0.102457 1.26935e-07
-0.102367 1.2681e-07
-0.102277 1.26644e-07
-0.102187 1.26456e-07
-0.102097 1.2617e-07
-0.102007 1.25976e-07
-0.101917 1.25735e-07
-0.101827 1.25535e-07
-0.101738 1.25155e-07
-0.101648 1.24811e-07
-0.101558 1.24428e-07
-0.101468 1.24067e-07
-0.101378 1.23742e-07
-0.101288 1.23391e-07
-0.101198 1.23061e-07
-0.101108 1.22734e-07
-0.101019 1.2237e-07
-0.100929 1.21881e-07
-0.100839 1.21408e-07
-0.100749 1.20919e-07
-0.100659 1.20259e-07
-0.100569 1.19587e-07
-0.100479 1.19015e-07
-0.100389 1.1835e-07
-0.1003 1.17741e-07
-0.10021 1.17107e-07
-0.10012 1.16599e-07
-0.10003 1.15998e-07
-0.0999401 1.15352e-07
-0.0998502 1.14827e-07
-0.0997603 1.14328e-07
-0.0996704 1.13868e-07
-0.0995806 1.13573e-07
-0.0994907 1.13185e-07
-0.0994008 1.12854e-07
-0.0993109 1.12532e-07
-0.0992211 1.12238e-07
-0.0991312 1.11959e-07
-0.0990413 1.11779e-07
-0.0989514 1.11527e-07
-0.0988616 1.11312e-07
-0.0987717 1.11184e-07
-0.0986818 1.10991e-07
-0.098592 1.10938e-07
-0.0985021 1.10934e-07
-0.0984122 1.10799e-07
-0.0983223 1.10695e-07
-0.0982325 1.10554e-07
-0.0981426 1.10404e-07
-0.0980527 1.10265e-07
-0.0979628 1.10118e-07
-0.097873 1.10051e-07
-0.0977831 1.09937e-07
-0.0976932 1.09814e-07
-0.0976033 1.09671e-07
-0.0975135 1.09501e-07
-0.0974236 1.0937e-07
-0.0973337 1.0919e-07
-0.0972438 1.08987e-07
-0.097154 1.08761e-07
-0.0970641 1.08575e-07
-0.0969742 1.08202e-07
-0.0968843 1.07947e-07
-0.0967945 1.07676e-07
-0.0967046 1.07337e-07
-0.0966147 1.06991e-07
-0.0965248 1.06624e-07
-0.096435 1.06162e-07
-0.0963451 1.05781e-07
-0.0962552 1.05362e-07
-0.0961653 1.0492e-07
-0.0960755 1.04451e-07
-0.0959856 1.04e-07
-0.0958957 1.03449e-07
-0.0958059 1.03012e-07
-0.095716 1.02567e-07
-0.0956261 1.02068e-07
-0.0955362 1.01585e-07
-0.0954464 1.0113e-07
-0.0953565 1.00592e-07
-0.0952666 1.00189e-07
-0.0951767 9.97859e-08
-0.0950869 9.94801e-08
-0.094997 9.91524e-08
-0.0949071 9.89082e-08
-0.0948172 9.86527e-08
-0.0947274 9.83629e-08
-0.0946375 9.80995e-08
-0.0945476 9.78458e-08
-0.0944577 9.76551e-08
-0.0943679 9.74808e-08
-0.094278 9.72787e-08
-0.0941881 9.71519e-08
-0.0940982 9.6983e-08
-0.0940084 9.68519e-08
-0.0939185 9.67188e-08
-0.0938286 9.67221e-08
-0.0937387 9.66523e-08
-0.0936489 9.65095e-08
-0.093559 9.64305e-08
-0.0934691 9.63213e-08
-0.0933793 9.62211e-08
-0.0932894 9.61665e-08
-0.0931995 9.60624e-08
-0.0931096 9.59523e-08
-0.0930198 9.58718e-08
-0.0929299 9.57844e-08
-0.09284 9.56236e-08
-0.0927501 9.54331e-08
-0.0926603 9.52375e-08
-0.0925704 9.50443e-08
-0.0924805 9.48598e-08
-0.0923906 9.46137e-08
-0.0923008 9.43488e-08
-0.0922109 9.41133e-08
-0.092121 9.37825e-08
-0.0920311 9.34247e-08
-0.0919413 9.29851e-08
-0.0918514 9.26082e-08
-0.0917615 9.21765e-08
-0.0916716 9.16868e-08
-0.0915818 9.12781e-08
-0.0914919 9.08096e-08
-0.091402 9.03715e-08
-0.0913121 8.98839e-08
-0.0912223 8.94286e-08
-0.0911324 8.90033e-08
-0.0910425 8.85762e-08
-0.0909526 8.82064e-08
-0.0908628 8.7783e-08
-0.0907729 8.7371e-08
-0.090683 8.69668e-08
-0.0905932 8.66339e-08
-0.0905033 8.63451e-08
-0.0904134 8.60743e-08
-0.0903235 8.58725e-08
-0.0902337 8.57186e-08
-0.0901438 8.54994e-08
-0.0900539 8.53418e-08
-0.089964 8.52375e-08
-0.0898742 8.50996e-08
-0.0897843 8.50053e-08
-0.0896944 8.49904e-08
-0.0896045 8.4962e-08
-0.0895147 8.49192e-08
-0.0894248 8.48771e-08
-0.0893349 8.48132e-08
-0.089245 8.47694e-08
-0.0891552 8.47114e-08
-0.0890653 8.46282e-08
-0.0889754 8.45875e-08
-0.0888855 8.45295e-08
-0.0887957 8.44896e-08
-0.0887058 8.43738e-08
-0.0886159 8.4262e-08
-0.088526 8.42207e-08
-0.0884362 8.40937e-08
-0.0883463 8.39704e-08
-0.0882564 8.37823e-08
-0.0881665 8.35638e-08
-0.0880767 8.33392e-08
-0.0879868 8.30689e-08
-0.0878969 8.28157e-08
-0.0878071 8.25129e-08
-0.0877172 8.21555e-08
-0.0876273 8.17795e-08
-0.0875374 8.14615e-08
-0.0874476 8.10268e-08
-0.0873577 8.05587e-08
-0.0872678 8.01273e-08
-0.0871779 7.96978e-08
-0.0870881 7.92649e-08
-0.0869982 7.88748e-08
-0.0869083 7.85147e-08
-0.0868184 7.80835e-08
-0.0867286 7.77481e-08
-0.0866387 7.73774e-08
-0.0865488 7.70522e-08
-0.0864589 7.66691e-08
-0.0863691 7.63756e-08
-0.0862792 7.61184e-08
-0.0861893 7.59421e-08
-0.0860994 7.57085e-08
-0.0860096 7.55161e-08
-0.0859197 7.53778e-08
-0.0858298 7.52307e-08
-0.0857399 7.50874e-08
-0.0856501 7.49789e-08
-0.0855602 7.48824e-08
-0.0854703 7.48302e-08
-0.0853805 7.47004e-08
-0.0852906 7.46706e-08
-0.0852007 7.46597e-08
-0.0851108 7.46454e-08
-0.085021 7.46516e-08
-0.0849311 7.46258e-08
-0.0848412 7.4566e-08
-0.0847513 7.45519e-08
-0.0846615 7.4547e-08
-0.0845716 7.45202e-08
-0.0844817 7.44868e-08
-0.0843918 7.44393e-08
-0.084302 7.43925e-08
-0.0842121 7.4316e-08
-0.0841222 7.42183e-08
-0.0840323 7.40723e-08
-0.0839425 7.38829e-08
-0.0838526 7.367e-08
-0.0837627 7.34171e-08
-0.0836728 7.32057e-08
-0.083583 7.28929e-08
-0.0834931 7.26341e-08
-0.0834032 7.22848e-08
-0.0833133 7.20292e-08
-0.0832235 7.17182e-08
-0.0831336 7.1357e-08
-0.0830437 7.09366e-08
-0.0829538 7.05521e-08
-0.082864 7.01184e-08
-0.0827741 6.97493e-08
-0.0826842 6.93634e-08
-0.0825944 6.89861e-08
-0.0825045 6.8622e-08
-0.0824146 6.82778e-08
-0.0823247 6.79362e-08
-0.0822349 6.76498e-08
-0.082145 6.73853e-08
-0.0820551 6.71707e-08
-0.0819652 6.69667e-08
-0.0818754 6.67892e-08
-0.0817855 6.66567e-08
-0.0816956 6.65704e-08
-0.0816057 6.64577e-08
-0.0815159 6.63642e-08
-0.081426 6.62774e-08
-0.0813361 6.62251e-08
-0.0812462 6.61364e-08
-0.0811564 6.60661e-08
-0.0810665 6.60227e-08
-0.0809766 6.5996e-08
-0.0808867 6.59879e-08
-0.0807969 6.59737e-08
-0.080707 6.59398e-08
-0.0806171 6.59471e-08
-0.0805272 6.5887e-08
-0.0804374 6.58719e-08
-0.0803475 6.58238e-08
-0.0802576 6.58066e-08
-0.0801677 6.57111e-08
-0.0800779 6.56157e-08
-0.079988 6.55173e-08
-0.0798981 6.54063e-08
-0.0798083 6.52322e-08
-0.0797184 6.50866e-08
-0.0796285 6.48557e-08
-0.0795386 6.46214e-08
-0.0794488 6.43986e-08
-0.0793589 6.4164e-08
-0.079269 6.38893e-08
-0.0791791 6.35852e-08
-0.0790893 6.33282e-08
-0.0789994 6.29903e-08
-0.0789095 6.2677e-08
-0.0788196 6.23131e-08
-0.0787298 6.20037e-08
-0.0786399 6.16642e-08
-0.07855 6.13095e-08
-0.0784601 6.10102e-08
-0.0783703 6.06914e-08
-0.0782804 6.03821e-08
-0.0781905 6.01252e-08
-0.0781006 5.98848e-08
-0.0780108 5.97352e-08
-0.0779209 5.95368e-08
-0.077831 5.93544e-08
-0.0777411 5.91972e-08
-0.0776513 5.90781e-08
-0.0775614 5.89981e-08
-0.0774715 5.89306e-08
-0.0773817 5.8851e-08
-0.0772918 5.87979e-08
-0.0772019 5.8721e-08
-0.077112 5.86847e-08
-0.0770222 5.86066e-08
-0.0769323 5.85588e-08
-0.0768424 5.85346e-08
-0.0767525 5.85122e-08
-0.0766627 5.84971e-08
-0.0765728 5.84729e-08
-0.0764829 5.84772e-08
-0.076393 5.84716e-08
-0.0763032 5.84224e-08
-0.0762133 5.83792e-08
-0.0761234 5.83058e-08
-0.0760335 5.82224e-08
-0.0759437 5.80533e-08
-0.0758538 5.79165e-08
-0.0757639 5.77572e-08
-0.075674 5.75622e-08
-0.0755842 5.73722e-08
-0.0754943 5.71642e-08
-0.0754044 5.69042e-08
-0.0753145 5.66628e-08
-0.0752247 5.64603e-08
-0.0751348 5.6234e-08
-0.0750449 5.59844e-08
-0.074955 5.57394e-08
-0.0748652 5.54912e-08
-0.0747753 5.5246e-08
-0.0746854 5.49793e-08
-0.0745956 5.47055e-08
-0.0745057 5.44458e-08
-0.0744158 5.42086e-08
-0.0743259 5.39341e-08
-0.0742361 5.37283e-08
-0.0741462 5.35215e-08
-0.0740563 5.33399e-08
-0.0739664 5.31602e-08
-0.0738766 5.30568e-08
-0.0737867 5.29483e-08
-0.0736968 5.28255e-08
-0.0736069 5.27216e-08
-0.0735171 5.26253e-08
-0.0734272 5.25134e-08
-0.0733373 5.24579e-08
-0.0732474 5.24012e-08
-0.0731576 5.23171e-08
-0.0730677 5.22614e-08
-0.0729778 5.21982e-08
-0.0728879 5.21315e-08
-0.0727981 5.20804e-08
-0.0727082 5.20303e-08
-0.0726183 5.19701e-08
-0.0725284 5.19192e-08
-0.0724386 5.1844e-08
-0.0723487 5.17746e-08
-0.0722588 5.17326e-08
-0.0721689 5.16413e-08
-0.0720791 5.15482e-08
-0.0719892 5.14392e-08
-0.0718993 5.13128e-08
-0.0718095 5.11779e-08
-0.0717196 5.09783e-08
-0.0716297 5.0808e-08
-0.0715398 5.06461e-08
-0.07145 5.04697e-08
-0.0713601 5.02611e-08
-0.0712702 5.00611e-08
-0.0711803 4.98332e-08
-0.0710905 4.96185e-08
-0.0710006 4.94108e-08
-0.0709107 4.92055e-08
-0.0708208 4.9006e-08
-0.070731 4.87955e-08
-0.0706411 4.85758e-08
-0.0705512 4.83818e-08
-0.0704613 4.81889e-08
-0.0703715 4.80232e-08
-0.0702816 4.78458e-08
-0.0701917 4.76749e-08
-0.0701018 4.75132e-08
-0.070012 4.74032e-08
-0.0699221 4.72764e-08
-0.0698322 4.71775e-08
-0.0697423 4.70403e-08
-0.0696525 4.69727e-08
-0.0695626 4.69095e-08
-0.0694727 4.68334e-08
-0.0693829 4.67676e-08
-0.069293 4.66955e-08
-0.0692031 4.66301e-08
-0.0691132 4.65766e-08
-0.0690234 4.64975e-08
-0.0689335 4.64022e-08
-0.0688436 4.63077e-08
-0.0687537 4.62074e-08
-0.0686639 4.61086e-08
-0.068574 4.6009e-08
-0.0684841 4.59205e-08
-0.0683942 4.58314e-08
-0.0683044 4.57208e-08
-0.0682145 4.56125e-08
-0.0681246 4.54883e-08
-0.0680347 4.54019e-08
-0.0679449 4.52873e-08
-0.067855 4.5178e-08
-0.0677651 4.50358e-08
-0.0676752 4.49217e-08
-0.0675854 4.47581e-08
-0.0674955 4.45525e-08
-0.0674056 4.43926e-08
-0.0673157 4.42281e-08
-0.0672259 4.40648e-08
-0.067136 4.38983e-08
-0.0670461 4.37245e-08
-0.0669562 4.35388e-08
-0.0668664 4.34195e-08
-0.0667765 4.32823e-08
-0.0666866 4.31294e-08
-0.0665968 4.29759e-08
-0.0665069 4.28683e-08
-0.066417 4.2758e-08
-0.0663271 4.26172e-08
-0.0662373 4.24997e-08
-0.0661474 4.23701e-08
-0.0660575 4.2267e-08
-0.0659676 4.21379e-08
-0.0658778 4.20153e-08
-0.0657879 4.19247e-08
-0.065698 4.18262e-08
-0.0656081 4.1741e-08
-0.0655183 4.16396e-08
-0.0654284 4.15981e-08
-0.0653385 4.1514e-08
-0.0652486 4.14226e-08
-0.0651588 4.13296e-08
-0.0650689 4.1247e-08
-0.064979 4.11552e-08
-0.0648891 4.1087e-08
-0.0647993 4.09678e-08
-0.0647094 4.08564e-08
-0.0646195 4.07434e-08
-0.0645296 4.06191e-08
-0.0644398 4.04943e-08
-0.0643499 4.03426e-08
-0.06426 4.02205e-08
-0.0641701 4.01109e-08
-0.0640803 3.9987e-08
-0.0639904 3.98757e-08
-0.0639005 3.97602e-08
-0.0638107 3.96498e-08
-0.0637208 3.95133e-08
-0.0636309 3.94012e-08
-0.063541 3.92837e-08
-0.0634512 3.91777e-08
-0.0633613 3.90369e-08
-0.0632714 3.89131e-08
-0.0631815 3.88175e-08
-0.0630917 3.87043e-08
-0.0630018 3.85731e-08
-0.0629119 3.84617e-08
-0.062822 3.83274e-08
-0.0627322 3.81693e-08
-0.0626423 3.80672e-08
-0.0625524 3.79538e-08
-0.0624625 3.78594e-08
-0.0623727 3.77465e-08
-0.0622828 3.76581e-08
-0.0621929 3.75697e-08
-0.062103 3.74731e-08
-0.0620132 3.73736e-08
-0.0619233 3.72712e-08
-0.0618334 3.71666e-08
-0.0617435 3.70712e-08
-0.0616537 3.69716e-08
-0.0615638 3.68621e-08
-0.0614739 3.67563e-08
-0.0613841 3.66516e-08
-0.0612942 3.65487e-08
-0.0612043 3.64631e-08
-0.0611144 3.63662e-08
-0.0610246 3.6284e-08
-0.0609347 3.61904e-08
-0.0608448 3.60917e-08
-0.0607549 3.60086e-08
-0.0606651 3.59479e-08
-0.0605752 3.58488e-08
-0.0604853 3.57428e-08
-0.0603954 3.56491e-08
-0.0603056 3.55446e-08
-0.0602157 3.54261e-08
-0.0601258 3.5302e-08
-0.0600359 3.5209e-08
-0.0599461 3.51134e-08
-0.0598562 3.50106e-08
-0.0597663 3.49126e-08
-0.0596764 3.47932e-08
-0.0595866 3.46831e-08
-0.0594967 3.45911e-08
-0.0594068 3.44798e-08
-0.0593169 3.43821e-08
-0.0592271 3.42856e-08
-0.0591372 3.41974e-08
-0.0590473 3.40978e-08
-0.0589574 3.39997e-08
-0.0588676 3.38979e-08
-0.0587777 3.3792e-08
-0.0586878 3.36966e-08
-0.058598 3.3574e-08
-0.0585081 3.34774e-08
-0.0584182 3.33788e-08
-0.0583283 3.32748e-08
-0.0582385 3.31912e-08
-0.0581486 3.30875e-08
-0.0580587 3.30348e-08
-0.0579688 3.29334e-08
-0.057879 3.28398e-08
-0.0577891 3.27489e-08
-0.0576992 3.26745e-08
-0.0576093 3.25859e-08
-0.0575195 3.25263e-08
-0.0574296 3.24523e-08
-0.0573397 3.23585e-08
-0.0572498 3.22672e-08
-0.05716 3.21822e-08
-0.0570701 3.20933e-08
-0.0569802 3.19963e-08
-0.0568903 3.19049e-08
-0.0568005 3.18096e-08
-0.0567106 3.17136e-08
-0.0566207 3.16155e-08
-0.0565308 3.15106e-08
-0.056441 3.14162e-08
-0.0563511 3.1321e-08
-0.0562612 3.12204e-08
-0.0561713 3.11237e-08
-0.0560815 3.10422e-08
-0.0559916 3.09302e-08
-0.0559017 3.08226e-08
-0.0558119 3.0724e-08
-0.055722 3.06285e-08
-0.0556321 3.05322e-08
-0.0555422 3.0429e-08
-0.0554524 3.03035e-08
-0.0553625 3.01895e-08
-0.0552726 3.00991e-08
-0.0551827 2.99956e-08
-0.0550929 2.99002e-08
-0.055003 2.98011e-08
-0.0549131 2.97353e-08
-0.0548232 2.96434e-08
-0.0547334 2.9563e-08
-0.0546435 2.94758e-08
-0.0545536 2.9403e-08
-0.0544637 2.93207e-08
-0.0543739 2.92624e-08
-0.054284 2.92034e-08
-0.0541941 2.91363e-08
-0.0541042 2.90582e-08
-0.0540144 2.89755e-08
-0.0539245 2.88881e-08
-0.0538346 2.88058e-08
-0.0537447 2.87163e-08
-0.0536549 2.86344e-08
-0.053565 2.85488e-08
-0.0534751 2.84582e-08
-0.0533853 2.83788e-08
-0.0532954 2.83091e-08
-0.0532055 2.82218e-08
-0.0531156 2.81454e-08
-0.0530258 2.80563e-08
-0.0529359 2.79881e-08
-0.052846 2.78804e-08
-0.0527561 2.77729e-08
-0.0526663 2.76818e-08
-0.0525764 2.75874e-08
-0.0524865 2.75077e-08
-0.0523966 2.74257e-08
-0.0523068 2.73199e-08
-0.0522169 2.72134e-08
-0.052127 2.71282e-08
-0.0520371 2.70395e-08
-0.0519473 2.69545e-08
-0.0518574 2.68709e-08
-0.0517675 2.68027e-08
-0.0516776 2.6725e-08
-0.0515878 2.66493e-08
-0.0514979 2.65769e-08
-0.051408 2.6501e-08
-0.0513181 2.64228e-08
-0.0512283 2.63569e-08
-0.0511384 2.62805e-08
-0.0510485 2.61978e-08
-0.0509586 2.61197e-08
-0.0508688 2.6038e-08
-0.0507789 2.59452e-08
-0.050689 2.58785e-08
-0.0505992 2.57924e-08
-0.0505093 2.57101e-08
-0.0504194 2.56254e-08
-0.0503295 2.55401e-08
-0.0502397 2.54553e-08
-0.0501498 2.54091e-08
-0.0500599 2.53207e-08
-0.04997 2.52432e-08
-0.0498802 2.51551e-08
-0.0497903 2.50797e-08
-0.0497004 2.49826e-08
-0.0496105 2.4879e-08
-0.0495207 2.47993e-08
-0.0494308 2.47109e-08
-0.0493409 2.46273e-08
-0.049251 2.45502e-08
-0.0491612 2.44596e-08
-0.0490713 2.43613e-08
-0.0489814 2.42878e-08
-0.0488915 2.42135e-08
-0.0488017 2.41353e-08
-0.0487118 2.4071e-08
-0.0486219 2.40079e-08
-0.048532 2.39413e-08
-0.0484422 2.38745e-08
-0.0483523 2.38083e-08
-0.0482624 2.37373e-08
-0.0481725 2.36515e-08
-0.0480827 2.3568e-08
-0.0479928 2.34963e-08
-0.0479029 2.34273e-08
-0.0478131 2.33593e-08
-0.0477232 2.32844e-08
-0.0476333 2.32037e-08
-0.0475434 2.31478e-08
-0.0474536 2.30774e-08
-0.0473637 2.30019e-08
-0.0472738 2.29315e-08
-0.0471839 2.28597e-08
-0.0470941 2.27759e-08
-0.0470042 2.27266e-08
-0.0469143 2.26523e-08
-0.0468244 2.25812e-08
-0.0467346 2.25041e-08
-0.0466447 2.2424e-08
-0.0465548 2.23345e-08
-0.0464649 2.22357e-08
-0.0463751 2.2172e-08
-0.0462852 2.20977e-08
-0.0461953 2.20226e-08
-0.0461054 2.19603e-08
-0.0460156 2.18783e-08
-0.0459257 2.17996e-08
-0.0458358 2.17387e-08
-0.0457459 2.16743e-08
-0.0456561 2.16059e-08
-0.0455662 2.15335e-08
-0.0454763 2.14719e-08
-0.0453865 2.14047e-08
-0.0452966 2.13512e-08
-0.0452067 2.12776e-08
-0.0451168 2.12167e-08
-0.045027 2.11509e-08
-0.0449371 2.10619e-08
-0.0448472 2.09907e-08
-0.0447573 2.09342e-08
-0.0446675 2.08587e-08
-0.0445776 2.08016e-08
-0.0444877 2.07346e-08
-0.0443978 2.06772e-08
-0.044308 2.06159e-08
-0.0442181 2.05503e-08
-0.0441282 2.04834e-08
-0.0440383 2.04199e-08
-0.0439485 2.03437e-08
-0.0438586 2.02883e-08
-0.0437687 2.02233e-08
-0.0436788 2.01668e-08
-0.043589 2.00905e-08
-0.0434991 2.00259e-08
-0.0434092 1.99538e-08
-0.0433193 1.98632e-08
-0.0432295 1.98041e-08
-0.0431396 1.97401e-08
-0.0430497 1.96746e-08
-0.0429598 1.96068e-08
-0.04287 1.95313e-08
-0.0427801 1.9453e-08
-0.0426902 1.93934e-08
-0.0426004 1.93266e-08
-0.0425105 1.92608e-08
-0.0424206 1.92018e-08
-0.0423307 1.91428e-08
-0.0422409 1.90853e-08
-0.042151 1.90201e-08
-0.0420611 1.8954e-08
-0.0419712 1.88898e-08
-0.0418814 1.88249e-08
-0.0417915 1.87589e-08
-0.0417016 1.87024e-08
-0.0416117 1.86375e-08
-0.0415219 1.85637e-08
-0.041432 1.8495e-08
-0.0413421 1.84239e-08
-0.0412522 1.83571e-08
-0.0411624 1.82941e-08
-0.0410725 1.82247e-08
-0.0409826 1.81683e-08
-0.0408927 1.81096e-08
-0.0408029 1.80444e-08
-0.040713 1.79989e-08
-0.0406231 1.79343e-08
-0.0405332 1.78696e-08
-0.0404434 1.78031e-08
-0.0403535 1.77329e-08
-0.0402636 1.76667e-08
-0.0401737 1.75814e-08
-0.0400839 1.752e-08
-0.039994 1.746e-08
-0.0399041 1.73914e-08
-0.0398143 1.73273e-08
-0.0397244 1.72609e-08
-0.0396345 1.71817e-08
-0.0395446 1.71191e-08
-0.0394548 1.70522e-08
-0.0393649 1.69985e-08
-0.039275 1.69392e-08
-0.0391851 1.68903e-08
-0.0390953 1.68418e-08
-0.0390054 1.67816e-08
-0.0389155 1.67236e-08
-0.0388256 1.66662e-08
-0.0387358 1.66075e-08
-0.0386459 1.65566e-08
-0.038556 1.65083e-08
-0.0384661 1.6445e-08
-0.0383763 1.63861e-08
-0.0382864 1.63309e-08
-0.0381965 1.62738e-08
-0.0381066 1.62129e-08
-0.0380168 1.61584e-08
-0.0379269 1.60999e-08
-0.037837 1.60487e-08
-0.0377471 1.59977e-08
-0.0376573 1.59392e-08
-0.0375674 1.58919e-08
-0.0374775 1.58371e-08
-0.0373876 1.57758e-08
-0.0372978 1.57192e-08
-0.0372079 1.56551e-08
-0.037118 1.55942e-08
-0.0370282 1.55209e-08
-0.0369383 1.54637e-08
-0.0368484 1.54026e-08
-0.0367585 1.53442e-08
-0.0366687 1.52846e-08
-0.0365788 1.52311e-08
-0.0364889 1.5162e-08
-0.036399 1.51055e-08
-0.0363092 1.50468e-08
-0.0362193 1.49953e-08
-0.0361294 1.49386e-08
-0.0360395 1.48915e-08
-0.0359497 1.48538e-08
-0.0358598 1.47964e-08
-0.0357699 1.4747e-08
-0.03568 1.46936e-08
-0.0355902 1.464e-08
-0.0355003 1.45937e-08
-0.0354104 1.4551e-08
-0.0353205 1.44915e-08
-0.0352307 1.44435e-08
-0.0351408 1.43946e-08
-0.0350509 1.43397e-08
-0.034961 1.42751e-08
-0.0348712 1.42118e-08
-0.0347813 1.41551e-08
-0.0346914 1.41021e-08
-0.0346016 1.40441e-08
-0.0345117 1.39973e-08
-0.0344218 1.39348e-08
-0.0343319 1.38762e-08
-0.0342421 1.38163e-08
-0.0341522 1.37605e-08
-0.0340623 1.37098e-08
-0.0339724 1.3649e-08
-0.0338826 1.35932e-08
-0.0337927 1.35386e-08
-0.0337028 1.34834e-08
-0.0336129 1.34279e-08
-0.0335231 1.33723e-08
-0.0334332 1.33251e-08
-0.0333433 1.32668e-08
-0.0332534 1.321e-08
-0.0331636 1.31521e-08
-0.0330737 1.30999e-08
-0.0329838 1.305e-08
-0.0328939 1.30062e-08
-0.0328041 1.29679e-08
-0.0327142 1.29232e-08
-0.0326243 1.287e-08
-0.0325344 1.28141e-08
-0.0324446 1.2754e-08
-0.0323547 1.26989e-08
-0.0322648 1.26597e-08
-0.0321749 1.25977e-08
-0.0320851 1.25521e-08
-0.0319952 1.24935e-08
-0.0319053 1.2439e-08
-0.0318155 1.23741e-08
-0.0317256 1.23094e-08
-0.0316357 1.22619e-08
-0.0315458 1.22111e-08
-0.031456 1.21522e-08
-0.0313661 1.20932e-08
-0.0312762 1.20273e-08
-0.0311863 1.1958e-08
-0.0310965 1.19152e-08
-0.0310066 1.18595e-08
-0.0309167 1.18124e-08
-0.0308268 1.17552e-08
-0.030737 1.17173e-08
-0.0306471 1.16715e-08
-0.0305572 1.16246e-08
-0.0304673 1.15802e-08
-0.0303775 1.15256e-08
-0.0302876 1.14815e-08
-0.0301977 1.14421e-08
-0.0301078 1.13989e-08
-0.030018 1.13533e-08
-0.0299281 1.13031e-08
-0.0298382 1.12586e-08
-0.0297483 1.12059e-08
-0.0296585 1.11537e-08
-0.0295686 1.11051e-08
-0.0294787 1.10605e-08
-0.0293888 1.10087e-08
-0.029299 1.09635e-08
-0.0292091 1.09153e-08
-0.0291192 1.08689e-08
-0.0290294 1.08234e-08
-0.0289395 1.0781e-08
-0.0288496 1.07329e-08
-0.0287597 1.06859e-08
-0.0286699 1.06406e-08
-0.02858 1.0599e-08
-0.0284901 1.05586e-08
-0.0284002 1.0514e-08
-0.0283104 1.0467e-08
-0.0282205 1.04216e-08
-0.0281306 1.03707e-08
-0.0280407 1.03223e-08
-0.0279509 1.02898e-08
-0.027861 1.0245e-08
-0.0277711 1.02037e-08
-0.0276812 1.01577e-08
-0.0275914 1.01251e-08
-0.0275015 1.00847e-08
-0.0274116 1.00386e-08
-0.0273217 1.00009e-08
-0.0272319 9.95271e-09
-0.027142 9.90454e-09
-0.0270521 9.87324e-09
-0.0269622 9.8393e-09
-0.0268724 9.79799e-09
-0.0267825 9.75809e-09
-0.0266926 9.71639e-09
-0.0266028 9.67481e-09
-0.0265129 9.6127e-09
-0.026423 9.56801e-09
-0.0263331 9.52729e-09
-0.0262433 9.48405e-09
-0.0261534 9.43469e-09
-0.0260635 9.39638e-09
-0.0259736 9.33642e-09
-0.0258838 9.29646e-09
-0.0257939 9.25099e-09
-0.025704 9.21132e-09
-0.0256141 9.16659e-09
-0.0255243 9.13257e-09
-0.0254344 9.10056e-09
-0.0253445 9.06072e-09
-0.0252546 9.021e-09
-0.0251648 8.9811e-09
-0.0250749 8.9452e-09
-0.024985 8.91692e-09
-0.0248951 8.88122e-09
-0.0248053 8.84242e-09
-0.0247154 8.8045e-09
-0.0246255 8.75651e-09
-0.0245356 8.71177e-09
-0.0244458 8.67049e-09
-0.0243559 8.62104e-09
-0.024266 8.58039e-09
-0.0241761 8.54103e-09
-0.0240863 8.50367e-09
-0.0239964 8.46714e-09
-0.0239065 8.42625e-09
-0.0238167 8.3865e-09
-0.0237268 8.35618e-09
-0.0236369 8.31745e-09
-0.023547 8.26933e-09
-0.0234572 8.22995e-09
-0.0233673 8.19673e-09
-0.0232774 8.15647e-09
-0.0231875 8.1146e-09
-0.0230977 8.07255e-09
-0.0230078 8.02888e-09
-0.0229179 7.99044e-09
-0.022828 7.94472e-09
-0.0227382 7.91064e-09
-0.0226483 7.87421e-09
-0.0225584 7.83254e-09
-0.0224685 7.7907e-09
-0.0223787 7.75585e-09
-0.0222888 7.73143e-09
-0.0221989 7.69139e-09
-0.022109 7.65041e-09
-0.0220192 7.60953e-09
-0.0219293 7.57111e-09
-0.0218394 7.5353e-09
-0.0217495 7.50277e-09
-0.0216597 7.46047e-09
-0.0215698 7.42042e-09
-0.0214799 7.37925e-09
-0.02139 7.34173e-09
-0.0213002 7.29552e-09
-0.0212103 7.24954e-09
-0.0211204 7.20655e-09
-0.0210306 7.15983e-09
-0.0209407 7.12184e-09
-0.0208508 7.08913e-09
-0.0207609 7.0399e-09
-0.0206711 6.99093e-09
-0.0205812 6.95304e-09
-0.0204913 6.90918e-09
-0.0204014 6.87477e-09
-0.0203116 6.82694e-09
-0.0202217 6.7976e-09
-0.0201318 6.7605e-09
-0.0200419 6.71498e-09
-0.0199521 6.67161e-09
-0.0198622 6.63565e-09
-0.0197723 6.58967e-09
-0.0196824 6.56289e-09
-0.0195926 6.5233e-09
-0.0195027 6.48686e-09
-0.0194128 6.44806e-09
-0.0193229 6.40748e-09
-0.0192331 6.36769e-09
-0.0191432 6.31097e-09
-0.0190533 6.26495e-09
-0.0189634 6.2193e-09
-0.0188736 6.17617e-09
-0.0187837 6.13223e-09
-0.0186938 6.08426e-09
-0.018604 6.02809e-09
-0.0185141 5.98041e-09
-0.0184242 5.93241e-09
-0.0183343 5.88519e-09
-0.0182445 5.84162e-09
-0.0181546 5.80603e-09
-0.0180647 5.7704e-09
-0.0179748 5.72595e-09
-0.017885 5.68683e-09
-0.0177951 5.64386e-09
-0.0177052 5.60211e-09
-0.0176153 5.5654e-09
-0.0175255 5.5271e-09
-0.0174356 5.47659e-09
-0.0173457 5.42518e-09
-0.0172558 5.381e-09
-0.017166 5.34077e-09
-0.0170761 5.29058e-09
-0.0169862 5.24363e-09
-0.0168963 5.19613e-09
-0.0168065 5.1471e-09
-0.0167166 5.10046e-09
-0.0166267 5.05126e-09
-0.0165368 5.004e-09
-0.016447 4.95473e-09
-0.0163571 4.90616e-09
-0.0162672 4.86042e-09
-0.0161773 4.81861e-09
-0.0160875 4.77494e-09
-0.0159976 4.73334e-09
-0.0159077 4.6905e-09
-0.0158179 4.63999e-09
-0.015728 4.59067e-09
-0.0156381 4.54673e-09
-0.0155482 4.50202e-09
-0.0154584 4.45337e-09
-0.0153685 4.40807e-09
-0.0152786 4.36264e-09
-0.0151887 4.32135e-09
-0.0150989 4.27309e-09
-0.015009 4.22788e-09
-0.0149191 4.18594e-09
-0.0148292 4.13468e-09
-0.0147394 4.09126e-09
-0.0146495 4.04365e-09
-0.0145596 4.00562e-09
-0.0144697 3.96182e-09
-0.0143799 3.91949e-09
-0.01429 3.87001e-09
-0.0142001 3.82681e-09
-0.0141102 3.78181e-09
-0.0140204 3.73978e-09
-0.0139305 3.6895e-09
-0.0138406 3.63493e-09
-0.0137507 3.59049e-09
-0.0136609 3.55227e-09
-0.013571 3.50564e-09
-0.0134811 3.46532e-09
-0.0133912 3.4147e-09
-0.0133014 3.36853e-09
-0.0132115 3.32703e-09
-0.0131216 3.27998e-09
-0.0130318 3.24041e-09
-0.0129419 3.20158e-09
-0.012852 3.16694e-09
-0.0127621 3.1239e-09
-0.0126723 3.08595e-09
-0.0125824 3.04606e-09
-0.0124925 3.00293e-09
-0.0124026 2.95944e-09
-0.0123128 2.92833e-09
-0.0122229 2.89057e-09
-0.012133 2.85118e-09
-0.0120431 2.80375e-09
-0.0119533 2.76372e-09
-0.0118634 2.72451e-09
-0.0117735 2.66539e-09
-0.0116836 2.62879e-09
-0.0115938 2.58751e-09
-0.0115039 2.54382e-09
-0.011414 2.50302e-09
-0.0113241 2.45829e-09
-0.0112343 2.40284e-09
-0.0111444 2.37439e-09
-0.0110545 2.3342e-09
-0.0109646 2.29918e-09
-0.0108748 2.26143e-09
-0.0107849 2.22958e-09
-0.010695 2.19753e-09
-0.0106052 2.15886e-09
-0.0105153 2.12236e-09
-0.0104254 2.08281e-09
-0.0103355 2.04104e-09
-0.0102457 2.01229e-09
-0.0101558 1.98455e-09
-0.0100659 1.95128e-09
-0.00997603 1.91826e-09
-0.00988616 1.88399e-09
-0.00979628 1.85212e-09
-0.00970641 1.80051e-09
-0.00961653 1.76447e-09
-0.00952666 1.72963e-09
-0.00943679 1.70098e-09
-0.00934691 1.66575e-09
-0.00925704 1.62697e-09
-0.00916716 1.58067e-09
-0.00907729 1.54553e-09
-0.00898742 1.52004e-09
-0.00889754 1.49062e-09
-0.00880767 1.46253e-09
-0.00871779 1.42629e-09
-0.00862792 1.41028e-09
-0.00853805 1.38996e-09
-0.00844817 1.36014e-09
-0.0083583 1.33866e-09
-0.00826842 1.30775e-09
-0.00817855 1.28121e-09
-0.00808867 1.26196e-09
-0.0079988 1.22771e-09
-0.00790893 1.20639e-09
-0.00781905 1.17339e-09
-0.00772918 1.14913e-09
-0.0076393 1.10925e-09
-0.00754943 1.07619e-09
-0.00745956 1.05994e-09
-0.00736968 1.03456e-09
-0.00727981 1.00789e-09
-0.00718993 9.83209e-10
-0.00710006 9.52917e-10
-0.00701018 9.15119e-10
-0.00692031 8.95295e-10
-0.00683044 8.68141e-10
-0.00674056 8.40988e-10
-0.00665069 8.15645e-10
-0.00656081 7.97201e-10
-0.00647094 7.805e-10
-0.00638107 7.6406e-10
-0.00629119 7.41827e-10
-0.00620132 7.19358e-10
-0.00611144 7.03709e-10
-0.00602157 6.935e-10
-0.00593169 6.81861e-10
-0.00584182 6.59162e-10
-0.00575195 6.39079e-10
-0.00566207 6.18624e-10
-0.0055722 5.99634e-10
-0.00548232 5.6552e-10
-0.00539245 5.48001e-10
-0.00530258 5.31079e-10
-0.0052127 5.10415e-10
-0.00512283 4.93341e-10
-0.00503295 4.7863e-10
-0.00494308 4.53936e-10
-0.0048532 4.41692e-10
-0.00476333 4.19539e-10
-0.00467346 4.06063e-10
-0.00458358 3.88633e-10
-0.00449371 3.78335e-10
-0.00440383 3.71547e-10
-0.00431396 3.57013e-10
-0.00422409 3.41094e-10
-0.00413421 3.29672e-10
-0.00404434 3.13129e-10
-0.00395446 3.09708e-10
-0.00386459 3.08224e-10
-0.00377471 2.91417e-10
-0.00368484 2.79897e-10
-0.00359497 2.67137e-10
-0.00350509 2.57602e-10
-0.00341522 2.41028e-10
-0.00332534 2.19968e-10
-0.00323547 2.08173e-10
-0.0031456 1.9431e-10
-0.00305572 1.83357e-10
-0.00296585 1.70092e-10
-0.00287597 1.52945e-10
-0.0027861 1.35694e-10
-0.00269622 1.27929e-10
-0.00260635 1.19453e-10
-0.00251648 1.12929e-10
-0.0024266 1.04167e-10
-0.00233673 1.04117e-10
-0.00224685 9.63401e-11
-0.00215698 8.89735e-11
-0.00206711 8.22191e-11
-0.00197723 7.9327e-11
-0.00188736 7.31447e-11
-0.00179748 7.17154e-11
-0.00170761 6.60772e-11
-0.00161773 6.04791e-11
-0.00152786 5.77995e-11
-0.00143799 5.54774e-11
-0.00134811 5.10779e-11
-0.00125824 4.03601e-11
-0.00116836 3.12998e-11
-0.00107849 2.33307e-11
-0.000988616 2.18905e-11
-0.000898742 2.30081e-11
-0.000808867 1.55554e-11
-0.000718993 2.26932e-12
-0.000629119 -2.9023e-12
-0.000539245 -9.7845e-12
-0.000449371 -8.33274e-12
-0.000359497 -9.19531e-12
-0.000269622 -6.02473e-13
-0.000179748 6.15465e-12
-8.98742e-05 2.45568e-12
0 0
8.98742e-05 5.25224e-12
0.000179748 1.01917e-11
0.000269622 1.71619e-11
0.000359497 2.05549e-11
0.000449371 1.96324e-11
0.000539245 2.03297e-11
0.000629119 2.45303e-11
0.000718993 3.0162e-11
0.000808867 2.62962e-11
0.000898742 2.50447e-11
0.000988616 2.25354e-11
0.00107849 2.1076e-11
0.00116836 2.67955e-11
0.00125824 3.32203e-11
0.00134811 2.64535e-11
0.00143799 2.55768e-11
0.00152786 2.85321e-11
0.00161773 3.14197e-11
0.00170761 3.82284e-11
0.00179748 4.79231e-11
0.00188736 6.84276e-11
0.00197723 7.87585e-11
0.00206711 8.37938e-11
0.00215698 9.33594e-11
0.00224685 1.0191e-10
0.00233673 1.15989e-10
0.0024266 1.34269e-10
0.00251648 1.42285e-10
0.00260635 1.50156e-10
0.00269622 1.55509e-10
0.0027861 1.64378e-10
0.00287597 1.70427e-10
0.00296585 1.70633e-10
0.00305572 1.82536e-10
0.0031456 1.90821e-10
0.00323547 2.02033e-10
0.00332534 2.13761e-10
0.00341522 2.22644e-10
0.00350509 2.24463e-10
0.00359497 2.37856e-10
0.00368484 2.4848e-10
0.00377471 2.64571e-10
0.00386459 2.79473e-10
0.00395446 2.99704e-10
0.00404434 3.14616e-10
0.00413421 3.31905e-10
0.00422409 3.45968e-10
0.00431396 3.64063e-10
0.00440383 3.78829e-10
0.00449371 4.04314e-10
0.00458358 4.22051e-10
0.00467346 4.36527e-10
0.00476333 4.50356e-10
0.0048532 4.69579e-10
0.00494308 4.80461e-10
0.00503295 4.81811e-10
0.00512283 4.91504e-10
0.0052127 5.07035e-10
0.00530258 5.2534e-10
0.00539245 5.41331e-10
0.00548232 5.55332e-10
0.0055722 5.66781e-10
0.00566207 5.86726e-10
0.00575195 6.06415e-10
0.00584182 6.29865e-10
0.00593169 6.51188e-10
0.00602157 6.72386e-10
0.00611144 7.04801e-10
0.00620132 7.20832e-10
0.00629119 7.45654e-10
0.00638107 7.70182e-10
0.00647094 7.85653e-10
0.00656081 8.13227e-10
0.00665069 8.5243e-10
0.00674056 8.7162e-10
0.00683044 9.02657e-10
0.00692031 9.23755e-10
0.00701018 9.48546e-10
0.00710006 9.6631e-10
0.00718993 9.81291e-10
0.00727981 1.00684e-09
0.00736968 1.03117e-09
0.00745956 1.05426e-09
0.00754943 1.07243e-09
0.0076393 1.08503e-09
0.00772918 1.11256e-09
0.00781905 1.1421e-09
0.00790893 1.17186e-09
0.0079988 1.19778e-09
0.00808867 1.22864e-09
0.00817855 1.27525e-09
0.00826842 1.30787e-09
0.0083583 1.33925e-09
0.00844817 1.3626e-09
0.00853805 1.39392e-09
0.00862792 1.41495e-09
0.00871779 1.45838e-09
0.00880767 1.49574e-09
0.00889754 1.52433e-09
0.00898742 1.55251e-09
0.00907729 1.5792e-09
0.00916716 1.60918e-09
0.00925704 1.62868e-09
0.00934691 1.66819e-09
0.00943679 1.70136e-09
0.00952666 1.72814e-09
0.00961653 1.76344e-09
0.00970641 1.79121e-09
0.00979628 1.8162e-09
0.00988616 1.85465e-09
0.00997603 1.8828e-09
0.0100659 1.92148e-09
0.0101558 1.94765e-09
0.0102457 1.99245e-09
0.0103355 2.03942e-09
0.0104254 2.07865e-09
0.0105153 2.12048e-09
0.0106052 2.15938e-09
0.010695 2.19583e-09
0.0107849 2.24614e-09
0.0108748 2.29512e-09
0.0109646 2.32632e-09
0.0110545 2.36805e-09
0.0111444 2.40271e-09
0.0112343 2.43872e-09
0.0113241 2.46922e-09
0.011414 2.50729e-09
0.0115039 2.54872e-09
0.0115938 2.59095e-09
0.0116836 2.62987e-09
0.0117735 2.66778e-09
0.0118634 2.70228e-09
0.0119533 2.73748e-09
0.0120431 2.77792e-09
0.012133 2.82332e-09
0.0122229 2.86302e-09
0.0123128 2.89983e-09
0.0124026 2.95413e-09
0.0124925 2.9962e-09
0.0125824 3.04078e-09
0.0126723 3.08166e-09
0.0127621 3.12043e-09
0.012852 3.16653e-09
0.0129419 3.22322e-09
0.0130318 3.25725e-09
0.0131216 3.30221e-09
0.0132115 3.34614e-09
0.0133014 3.39304e-09
0.0133912 3.43176e-09
0.0134811 3.46933e-09
0.013571 3.51298e-09
0.0136609 3.55816e-09
0.0137507 3.59526e-09
0.0138406 3.64099e-09
0.0139305 3.68812e-09
0.0140204 3.72686e-09
0.0141102 3.77416e-09
0.0142001 3.81337e-09
0.01429 3.86043e-09
0.0143799 3.90334e-09
0.0144697 3.95527e-09
0.0145596 4.00089e-09
0.0146495 4.03735e-09
0.0147394 4.08486e-09
0.0148292 4.12919e-09
0.0149191 4.17806e-09
0.015009 4.22628e-09
0.0150989 4.27221e-09
0.0151887 4.31945e-09
0.0152786 4.36288e-09
0.0153685 4.40755e-09
0.0154584 4.45687e-09
0.0155482 4.50308e-09
0.0156381 4.55143e-09
0.015728 4.59594e-09
0.0158179 4.64674e-09
0.0159077 4.69744e-09
0.0159976 4.74351e-09
0.0160875 4.78715e-09
0.0161773 4.83366e-09
0.0162672 4.87453e-09
0.0163571 4.92008e-09
0.016447 4.96766e-09
0.0165368 5.01214e-09
0.0166267 5.05141e-09
0.0167166 5.09753e-09
0.0168065 5.14236e-09
0.0168963 5.18903e-09
0.0169862 5.23546e-09
0.0170761 5.27461e-09
0.017166 5.31359e-09
0.0172558 5.35419e-09
0.0173457 5.39702e-09
0.0174356 5.45062e-09
0.0175255 5.50031e-09
0.0176153 5.55234e-09
0.0177052 5.60152e-09
0.0177951 5.64471e-09
0.017885 5.69122e-09
0.0179748 5.73349e-09
0.0180647 5.77924e-09
0.0181546 5.83309e-09
0.0182445 5.88078e-09
0.0183343 5.92166e-09
0.0184242 5.97178e-09
0.0185141 6.01617e-09
0.018604 6.065e-09
0.0186938 6.09527e-09
0.0187837 6.13518e-09
0.0188736 6.17665e-09
0.0189634 6.21577e-09
0.0190533 6.25809e-09
0.0191432 6.30068e-09
0.0192331 6.32841e-09
0.0193229 6.36511e-09
0.0194128 6.40432e-09
0.0195027 6.44407e-09
0.0195926 6.47982e-09
0.0196824 6.52582e-09
0.0197723 6.58211e-09
0.0198622 6.62918e-09
0.0199521 6.66954e-09
0.0200419 6.71686e-09
0.0201318 6.76382e-09
0.0202217 6.81127e-09
0.0203116 6.87019e-09
0.0204014 6.91195e-09
0.0204913 6.95359e-09
0.0205812 6.99119e-09
0.0206711 7.0364e-09
0.0207609 7.06725e-09
0.0208508 7.09693e-09
0.0209407 7.13103e-09
0.0210306 7.16489e-09
0.0211204 7.20778e-09
0.0212103 7.25191e-09
0.0213002 7.27987e-09
0.02139 7.3091e-09
0.0214799 7.35241e-09
0.0215698 7.3863e-09
0.0216597 7.43181e-09
0.0217495 7.4659e-09
0.0218394 7.51934e-09
0.0219293 7.55965e-09
0.0220192 7.59841e-09
0.022109 7.64102e-09
0.0221989 7.68489e-09
0.0222888 7.72339e-09
0.0223787 7.76442e-09
0.0224685 7.80155e-09
0.0225584 7.84454e-09
0.0226483 7.88865e-09
0.0227382 7.92582e-09
0.022828 7.96366e-09
0.0229179 8.00108e-09
0.0230078 8.04279e-09
0.0230977 8.08571e-09
0.0231875 8.12792e-09
0.0232774 8.16882e-09
0.0233673 8.21057e-09
0.0234572 8.24086e-09
0.023547 8.28141e-09
0.0236369 8.32585e-09
0.0237268 8.36326e-09
0.0238167 8.39067e-09
0.0239065 8.42437e-09
0.0239964 8.45692e-09
0.0240863 8.49103e-09
0.0241761 8.52694e-09
0.024266 8.56499e-09
0.0243559 8.60606e-09
0.0244458 8.64679e-09
0.0245356 8.67764e-09
0.0246255 8.72652e-09
0.0247154 8.77435e-09
0.0248053 8.8173e-09
0.0248951 8.85525e-09
0.024985 8.91143e-09
0.0250749 8.95273e-09
0.0251648 8.98945e-09
0.0252546 9.03251e-09
0.0253445 9.07447e-09
0.0254344 9.11376e-09
0.0255243 9.16972e-09
0.0256141 9.21287e-09
0.025704 9.25304e-09
0.0257939 9.29403e-09
0.0258838 9.33512e-09
0.0259736 9.37526e-09
0.0260635 9.40191e-09
0.0261534 9.4352e-09
0.0262433 9.48193e-09
0.0263331 9.52235e-09
0.026423 9.56118e-09
0.0265129 9.60245e-09
0.0266028 9.63117e-09
0.0266926 9.67544e-09
0.0267825 9.71355e-09
0.0268724 9.75725e-09
0.0269622 9.79474e-09
0.0270521 9.83851e-09
0.027142 9.89724e-09
0.0272319 9.94334e-09
0.0273217 9.99503e-09
0.0274116 1.00351e-08
0.0275015 1.00808e-08
0.0275914 1.01318e-08
0.0276812 1.0188e-08
0.0277711 1.02268e-08
0.027861 1.02763e-08
0.0279509 1.03153e-08
0.0280407 1.03563e-08
0.0281306 1.03907e-08
0.0282205 1.04335e-08
0.0283104 1.04807e-08
0.0284002 1.05265e-08
0.0284901 1.05693e-08
0.02858 1.06115e-08
0.0286699 1.06452e-08
0.0287597 1.06862e-08
0.0288496 1.07343e-08
0.0289395 1.07785e-08
0.0290294 1.08219e-08
0.0291192 1.08627e-08
0.0292091 1.09079e-08
0.029299 1.09519e-08
0.0293888 1.09968e-08
0.0294787 1.10469e-08
0.0295686 1.10917e-08
0.0296585 1.11374e-08
0.0297483 1.11781e-08
0.0298382 1.12286e-08
0.0299281 1.1274e-08
0.030018 1.13252e-08
0.0301078 1.13706e-08
0.0301977 1.142e-08
0.0302876 1.14815e-08
0.0303775 1.15275e-08
0.0304673 1.15846e-08
0.0305572 1.16319e-08
0.0306471 1.16794e-08
0.030737 1.17364e-08
0.0308268 1.18034e-08
0.0309167 1.18556e-08
0.0310066 1.19097e-08
0.0310965 1.19603e-08
0.0311863 1.20111e-08
0.0312762 1.20595e-08
0.0313661 1.21023e-08
0.031456 1.21634e-08
0.0315458 1.22188e-08
0.0316357 1.22655e-08
0.0317256 1.23141e-08
0.0318155 1.2354e-08
0.0319053 1.23956e-08
0.0319952 1.24563e-08
0.0320851 1.25046e-08
0.0321749 1.25554e-08
0.0322648 1.26065e-08
0.0323547 1.26736e-08
0.0324446 1.27349e-08
0.0325344 1.27939e-08
0.0326243 1.2851e-08
0.0327142 1.29073e-08
0.0328041 1.29504e-08
0.0328939 1.30121e-08
0.0329838 1.30599e-08
0.0330737 1.31115e-08
0.0331636 1.31678e-08
0.0332534 1.32276e-08
0.0333433 1.32899e-08
0.0334332 1.33393e-08
0.0335231 1.3392e-08
0.0336129 1.34487e-08
0.0337028 1.35064e-08
0.0337927 1.35623e-08
0.0338826 1.36209e-08
0.0339724 1.36784e-08
0.0340623 1.37414e-08
0.0341522 1.379e-08
0.0342421 1.38441e-08
0.0343319 1.39018e-08
0.0344218 1.39494e-08
0.0345117 1.39948e-08
0.0346016 1.40379e-08
0.0346914 1.40909e-08
0.0347813 1.41386e-08
0.0348712 1.41927e-08
0.034961 1.4237e-08
0.0350509 1.42779e-08
0.0351408 1.43367e-08
0.0352307 1.43786e-08
0.0353205 1.44324e-08
0.0354104 1.44854e-08
0.0355003 1.45597e-08
0.0355902 1.46242e-08
0.03568 1.46795e-08
0.0357699 1.47392e-08
0.0358598 1.4796e-08
0.0359497 1.48556e-08
0.0360395 1.49312e-08
0.0361294 1.49946e-08
0.0362193 1.5051e-08
0.0363092 1.51106e-08
0.036399 1.51683e-08
0.0364889 1.5231e-08
0.0365788 1.52662e-08
0.0366687 1.53183e-08
0.0367585 1.53756e-08
0.0368484 1.54307e-08
0.0369383 1.54876e-08
0.0370282 1.55412e-08
0.037118 1.55846e-08
0.0372079 1.56455e-08
0.0372978 1.57008e-08
0.0373876 1.57546e-08
0.0374775 1.58074e-08
0.0375674 1.5859e-08
0.0376573 1.59105e-08
0.0377471 1.59619e-08
0.037837 1.60114e-08
0.0379269 1.60606e-08
0.0380168 1.61179e-08
0.0381066 1.61683e-08
0.0381965 1.62257e-08
0.0382864 1.62842e-08
0.0383763 1.63437e-08
0.0384661 1.64088e-08
0.038556 1.64769e-08
0.0386459 1.65469e-08
0.0387358 1.66188e-08
0.0388256 1.6683e-08
0.0389155 1.67484e-08
0.0390054 1.68136e-08
0.0390953 1.68773e-08
0.0391851 1.69554e-08
0.039275 1.70237e-08
0.0393649 1.70776e-08
0.0394548 1.71359e-08
0.0395446 1.71948e-08
0.0396345 1.72597e-08
0.0397244 1.72947e-08
0.0398143 1.73478e-08
0.0399041 1.74056e-08
0.039994 1.74658e-08
0.0400839 1.7517e-08
0.0401737 1.75725e-08
0.0402636 1.76128e-08
0.0403535 1.76734e-08
0.0404434 1.7737e-08
0.0405332 1.78011e-08
0.0406231 1.7861e-08
0.040713 1.79272e-08
0.0408029 1.80001e-08
0.0408927 1.80627e-08
0.0409826 1.81256e-08
0.0410725 1.8186e-08
0.0411624 1.8259e-08
0.0412522 1.83287e-08
0.0413421 1.84148e-08
0.041432 1.84863e-08
0.0415219 1.85669e-08
0.0416117 1.86452e-08
0.0417016 1.87205e-08
0.0417915 1.87864e-08
0.0418814 1.88642e-08
0.0419712 1.89347e-08
0.0420611 1.90029e-08
0.042151 1.90721e-08
0.0422409 1.91377e-08
0.0423307 1.92103e-08
0.0424206 1.92825e-08
0.0425105 1.93329e-08
0.0426004 1.9397e-08
0.0426902 1.94521e-08
0.0427801 1.95101e-08
0.04287 1.95466e-08
0.0429598 1.96013e-08
0.0430497 1.96631e-08
0.0431396 1.97194e-08
0.0432295 1.97749e-08
0.0433193 1.98303e-08
0.0434092 1.98758e-08
0.0434991 1.99374e-08
0.043589 2.00025e-08
0.0436788 2.00768e-08
0.0437687 2.01358e-08
0.0438586 2.02025e-08
0.0439485 2.03008e-08
0.0440383 2.03797e-08
0.0441282 2.04503e-08
0.0442181 2.05237e-08
0.044308 2.05959e-08
0.0443978 2.06657e-08
0.0444877 2.07564e-08
0.0445776 2.08227e-08
0.0446675 2.08926e-08
0.0447573 2.09698e-08
0.0448472 2.10365e-08
0.0449371 2.11099e-08
0.045027 2.12003e-08
0.0451168 2.12706e-08
0.0452067 2.13323e-08
0.0452966 2.14061e-08
0.0453865 2.1458e-08
0.0454763 2.15324e-08
0.0455662 2.16035e-08
0.0456561 2.16672e-08
0.0457459 2.17324e-08
0.0458358 2.17856e-08
0.0459257 2.18455e-08
0.0460156 2.18879e-08
0.0461054 2.1946e-08
0.0461953 2.20043e-08
0.0462852 2.20712e-08
0.0463751 2.21375e-08
0.0464649 2.22001e-08
0.0465548 2.22553e-08
0.0466447 2.23276e-08
0.0467346 2.24121e-08
0.0468244 2.2484e-08
0.0469143 2.25606e-08
0.0470042 2.26312e-08
0.0470941 2.27281e-08
0.0471839 2.28171e-08
0.0472738 2.28941e-08
0.0473637 2.29706e-08
0.0474536 2.30529e-08
0.0475434 2.31295e-08
0.0476333 2.32231e-08
0.0477232 2.33053e-08
0.0478131 2.33914e-08
0.0479029 2.3463e-08
0.0479928 2.35409e-08
0.0480827 2.36173e-08
0.0481725 2.37003e-08
0.0482624 2.37935e-08
0.0483523 2.38664e-08
0.0484422 2.39355e-08
0.048532 2.40021e-08
0.0486219 2.40777e-08
0.0487118 2.41554e-08
0.0488017 2.42138e-08
0.0488915 2.42914e-08
0.0489814 2.43562e-08
0.0490713 2.44312e-08
0.0491612 2.44947e-08
0.049251 2.45547e-08
0.0493409 2.4628e-08
0.0494308 2.47008e-08
0.0495207 2.47783e-08
0.0496105 2.48543e-08
0.0497004 2.49117e-08
0.0497903 2.49781e-08
0.0498802 2.50572e-08
0.04997 2.51306e-08
0.0500599 2.52123e-08
0.0501498 2.52869e-08
0.0502397 2.53773e-08
0.0503295 2.54668e-08
0.0504194 2.55538e-08
0.0505093 2.56426e-08
0.0505992 2.57326e-08
0.050689 2.5822e-08
0.0507789 2.5924e-08
0.0508688 2.6023e-08
0.0509586 2.61171e-08
0.0510485 2.62054e-08
0.0511384 2.63003e-08
0.0512283 2.63912e-08
0.0513181 2.64708e-08
0.051408 2.65634e-08
0.0514979 2.6649e-08
0.0515878 2.67318e-08
0.0516776 2.6814e-08
0.0517675 2.69087e-08
0.0518574 2.70098e-08
0.0519473 2.709e-08
0.0520371 2.71807e-08
0.052127 2.72595e-08
0.0522169 2.73492e-08
0.0523068 2.74174e-08
0.0523966 2.74791e-08
0.0524865 2.75535e-08
0.0525764 2.76159e-08
0.0526663 2.76907e-08
0.0527561 2.77706e-08
0.052846 2.78258e-08
0.0529359 2.78846e-08
0.0530258 2.79502e-08
0.0531156 2.80118e-08
0.0532055 2.80854e-08
0.0532954 2.81467e-08
0.0533853 2.82445e-08
0.0534751 2.83241e-08
0.053565 2.84102e-08
0.0536549 2.8497e-08
0.0537447 2.85849e-08
0.0538346 2.86767e-08
0.0539245 2.87791e-08
0.0540144 2.88771e-08
0.0541042 2.89761e-08
0.0541941 2.90738e-08
0.054284 2.91611e-08
0.0543739 2.92482e-08
0.0544637 2.93532e-08
0.0545536 2.94642e-08
0.0546435 2.95602e-08
0.0547334 2.96719e-08
0.0548232 2.97714e-08
0.0549131 2.98922e-08
0.055003 3.00212e-08
0.0550929 3.01234e-08
0.0551827 3.0233e-08
0.0552726 3.03291e-08
0.0553625 3.04266e-08
0.0554524 3.0505e-08
0.0555422 3.05721e-08
0.0556321 3.06641e-08
0.055722 3.07341e-08
0.0558119 3.08014e-08
0.0559017 3.08769e-08
0.0559916 3.09325e-08
0.0560815 3.09815e-08
0.0561713 3.10469e-08
0.0562612 3.11013e-08
0.0563511 3.11827e-08
0.056441 3.12386e-08
0.0565308 3.13235e-08
0.0566207 3.14075e-08
0.0567106 3.14896e-08
0.0568005 3.15754e-08
0.0568903 3.16675e-08
0.0569802 3.17577e-08
0.0570701 3.18429e-08
0.05716 3.19339e-08
0.0572498 3.20425e-08
0.0573397 3.21569e-08
0.0574296 3.22853e-08
0.0575195 3.23938e-08
0.0576093 3.25457e-08
0.0576992 3.26822e-08
0.0577891 3.27993e-08
0.057879 3.29338e-08
0.0579688 3.30685e-08
0.0580587 3.32113e-08
0.0581486 3.33608e-08
0.0582385 3.34852e-08
0.0583283 3.35981e-08
0.0584182 3.37102e-08
0.0585081 3.38255e-08
0.058598 3.39092e-08
0.0586878 3.39859e-08
0.0587777 3.4073e-08
0.0588676 3.41535e-08
0.0589574 3.4225e-08
0.0590473 3.42909e-08
0.0591372 3.43489e-08
0.0592271 3.43857e-08
0.0593169 3.44404e-08
0.0594068 3.44853e-08
0.0594967 3.45453e-08
0.0595866 3.45874e-08
0.0596764 3.46266e-08
0.0597663 3.46786e-08
0.0598562 3.47379e-08
0.0599461 3.48042e-08
0.0600359 3.48695e-08
0.0601258 3.49476e-08
0.0602157 3.5014e-08
0.0603056 3.51019e-08
0.0603954 3.52275e-08
0.0604853 3.53297e-08
0.0605752 3.54749e-08
0.0606651 3.55977e-08
0.0607549 3.57683e-08
0.0608448 3.59122e-08
0.0609347 3.60678e-08
0.0610246 3.62239e-08
0.0611144 3.63712e-08
0.0612043 3.65272e-08
0.0612942 3.67164e-08
0.0613841 3.68756e-08
0.0614739 3.70377e-08
0.0615638 3.71924e-08
0.0616537 3.73447e-08
0.0617435 3.74819e-08
0.0618334 3.7604e-08
0.0619233 3.77256e-08
0.0620132 3.78276e-08
0.062103 3.7919e-08
0.0621929 3.79923e-08
0.0622828 3.80655e-08
0.0623727 3.81567e-08
0.0624625 3.82095e-08
0.0625524 3.82547e-08
0.0626423 3.82911e-08
0.0627322 3.83386e-08
0.062822 3.83808e-08
0.0629119 3.83937e-08
0.0630018 3.8439e-08
0.0630917 3.84944e-08
0.0631815 3.85371e-08
0.0632714 3.85804e-08
0.0633613 3.86125e-08
0.0634512 3.86731e-08
0.063541 3.87612e-08
0.0636309 3.88422e-08
0.0637208 3.89552e-08
0.0638107 3.90786e-08
0.0639005 3.92268e-08
0.0639904 3.93692e-08
0.0640803 3.95226e-08
0.0641701 3.96985e-08
0.06426 3.98743e-08
0.0643499 4.00665e-08
0.0644398 4.02732e-08
0.0645296 4.04755e-08
0.0646195 4.06943e-08
0.0647094 4.08976e-08
0.0647993 4.10995e-08
0.0648891 4.13082e-08
0.064979 4.15231e-08
0.0650689 4.16844e-08
0.0651588 4.18264e-08
0.0652486 4.19669e-08
0.0653385 4.20893e-08
0.0654284 4.2203e-08
0.0655183 4.23243e-08
0.0656081 4.23995e-08
0.065698 4.24749e-08
0.0657879 4.25242e-08
0.0658778 4.25799e-08
0.0659676 4.26218e-08
0.0660575 4.26518e-08
0.0661474 4.26805e-08
0.0662373 4.27204e-08
0.0663271 4.27445e-08
0.066417 4.27897e-08
0.0665069 4.28115e-08
0.0665968 4.28373e-08
0.0666866 4.28922e-08
0.0667765 4.29599e-08
0.0668664 4.30078e-08
0.0669562 4.30662e-08
0.0670461 4.31354e-08
0.067136 4.32309e-08
0.0672259 4.33691e-08
0.0673157 4.35122e-08
0.0674056 4.36721e-08
0.0674955 4.38572e-08
0.0675854 4.40244e-08
0.0676752 4.42156e-08
0.0677651 4.44069e-08
0.067855 4.4621e-08
0.0679449 4.48323e-08
0.0680347 4.50392e-08
0.0681246 4.52956e-08
0.0682145 4.55336e-08
0.0683044 4.57604e-08
0.0683942 4.59858e-08
0.0684841 4.61871e-08
0.068574 4.63729e-08
0.0686639 4.65663e-08
0.0687537 4.67418e-08
0.0688436 4.6911e-08
0.0689335 4.70615e-08
0.0690234 4.7189e-08
0.0691132 4.73092e-08
0.0692031 4.74206e-08
0.069293 4.74694e-08
0.0693829 4.75154e-08
0.0694727 4.75415e-08
0.0695626 4.75528e-08
0.0696525 4.75807e-08
0.0697423 4.76382e-08
0.0698322 4.76563e-08
0.0699221 4.76742e-08
0.070012 4.76716e-08
0.0701018 4.76906e-08
0.0701917 4.76849e-08
0.0702816 4.77088e-08
0.0703715 4.77731e-08
0.0704613 4.78226e-08
0.0705512 4.79046e-08
0.0706411 4.80057e-08
0.070731 4.81386e-08
0.0708208 4.82818e-08
0.0709107 4.84257e-08
0.0710006 4.85946e-08
0.0710905 4.87823e-08
0.0711803 4.90025e-08
0.0712702 4.91908e-08
0.0713601 4.94172e-08
0.07145 4.9694e-08
0.0715398 4.99497e-08
0.0716297 5.02089e-08
0.0717196 5.04909e-08
0.0718095 5.07162e-08
0.0718993 5.09813e-08
0.0719892 5.12404e-08
0.0720791 5.14887e-08
0.0721689 5.17111e-08
0.0722588 5.1941e-08
0.0723487 5.21714e-08
0.0724386 5.23414e-08
0.0725284 5.25213e-08
0.0726183 5.26561e-08
0.0727082 5.27856e-08
0.0727981 5.28826e-08
0.0728879 5.29695e-08
0.0729778 5.30491e-08
0.0730677 5.31127e-08
0.0731576 5.31559e-08
0.0732474 5.31993e-08
0.0733373 5.32494e-08
0.0734272 5.32936e-08
0.0735171 5.33197e-08
0.0736069 5.33301e-08
0.0736968 5.33358e-08
0.0737867 5.33357e-08
0.0738766 5.33876e-08
0.0739664 5.3424e-08
0.0740563 5.34433e-08
0.0741462 5.35108e-08
0.0742361 5.35594e-08
0.0743259 5.36573e-08
0.0744158 5.37367e-08
0.0745057 5.38456e-08
0.0745956 5.39957e-08
0.0746854 5.41753e-08
0.0747753 5.43619e-08
0.0748652 5.45597e-08
0.074955 5.47867e-08
0.0750449 5.50311e-08
0.0751348 5.52881e-08
0.0752247 5.55466e-08
0.0753145 5.58022e-08
0.0754044 5.61077e-08
0.0754943 5.63696e-08
0.0755842 5.66849e-08
0.075674 5.69964e-08
0.0757639 5.73239e-08
0.0758538 5.7628e-08
0.0759437 5.78921e-08
0.0760335 5.80979e-08
0.0761234 5.83478e-08
0.0762133 5.85391e-08
0.0763032 5.87287e-08
0.076393 5.88773e-08
0.0764829 5.90179e-08
0.0765728 5.91453e-08
0.0766627 5.92435e-08
0.0767525 5.93293e-08
0.0768424 5.94049e-08
0.0769323 5.9464e-08
0.0770222 5.95109e-08
0.077112 5.95603e-08
0.0772019 5.95926e-08
0.0772918 5.96308e-08
0.0773817 5.96561e-08
0.0774715 5.96571e-08
0.0775614 5.97418e-08
0.0776513 5.97816e-08
0.0777411 5.97959e-08
0.077831 5.98463e-08
0.0779209 5.99125e-08
0.0780108 5.99655e-08
0.0781006 6.00692e-08
0.0781905 6.01925e-08
0.0782804 6.02913e-08
0.0783703 6.04658e-08
0.0784601 6.06339e-08
0.07855 6.08165e-08
0.0786399 6.10174e-08
0.0787298 6.12563e-08
0.0788196 6.14693e-08
0.0789095 6.17594e-08
0.0789994 6.20143e-08
0.0790893 6.23353e-08
0.0791791 6.2658e-08
0.079269 6.29731e-08
0.0793589 6.32867e-08
0.0794488 6.35601e-08
0.0795386 6.38689e-08
0.0796285 6.41484e-08
0.0797184 6.43664e-08
0.0798083 6.46381e-08
0.0798981 6.49272e-08
0.079988 6.51634e-08
0.0800779 6.54038e-08
0.0801677 6.55991e-08
0.0802576 6.57494e-08
0.0803475 6.59245e-08
0.0804374 6.60734e-08
0.0805272 6.62207e-08
0.0806171 6.63731e-08
0.080707 6.6462e-08
0.0807969 6.6565e-08
0.0808867 6.66596e-08
0.0809766 6.67311e-08
0.0810665 6.68124e-08
0.0811564 6.69056e-08
0.0812462 6.69243e-08
0.0813361 6.69735e-08
0.081426 6.7054e-08
0.0815159 6.7111e-08
0.0816057 6.72035e-08
0.0816956 6.72511e-08
0.0817855 6.74128e-08
0.0818754 6.74934e-08
0.0819652 6.75953e-08
0.0820551 6.7707e-08
0.082145 6.78255e-08
0.0822349 6.79643e-08
0.0823247 6.81744e-08
0.0824146 6.83764e-08
0.0825045 6.85955e-08
0.0825944 6.88263e-08
0.0826842 6.9072e-08
0.0827741 6.93493e-08
0.082864 6.96775e-08
0.0829538 6.99993e-08
0.0830437 7.02899e-08
0.0831336 7.06269e-08
0.0832235 7.09139e-08
0.0833133 7.12148e-08
0.0834032 7.15816e-08
0.0834931 7.18722e-08
0.083583 7.21668e-08
0.0836728 7.24619e-08
0.0837627 7.27479e-08
0.0838526 7.29731e-08
0.0839425 7.31844e-08
0.0840323 7.34542e-08
0.0841222 7.36771e-08
0.0842121 7.38545e-08
0.084302 7.4031e-08
0.0843918 7.41772e-08
0.0844817 7.43408e-08
0.0845716 7.44619e-08
0.0846615 7.45925e-08
0.0847513 7.46769e-08
0.0848412 7.48041e-08
0.0849311 7.48359e-08
0.085021 7.49097e-08
0.0851108 7.49896e-08
0.0852007 7.50797e-08
0.0852906 7.51534e-08
0.0853805 7.52626e-08
0.0854703 7.53186e-08
0.0855602 7.54087e-08
0.0856501 7.55488e-08
0.0857399 7.5687e-08
0.0858298 7.58539e-08
0.0859197 7.6006e-08
0.0860096 7.61682e-08
0.0860994 7.63436e-08
0.0861893 7.65604e-08
0.0862792 7.67067e-08
0.0863691 7.69246e-08
0.0864589 7.7143e-08
0.0865488 7.73418e-08
0.0866387 7.76194e-08
0.0867286 7.78878e-08
0.0868184 7.81683e-08
0.0869083 7.84693e-08
0.0869982 7.88235e-08
0.0870881 7.92488e-08
0.0871779 7.95698e-08
0.0872678 7.99145e-08
0.0873577 8.02698e-08
0.0874476 8.06376e-08
0.0875374 8.10543e-08
0.0876273 8.13708e-08
0.0877172 8.16717e-08
0.0878071 8.20039e-08
0.0878969 8.22674e-08
0.0879868 8.25021e-08
0.0880767 8.28072e-08
0.0881665 8.30621e-08
0.0882564 8.32796e-08
0.0883463 8.34771e-08
0.0884362 8.36261e-08
0.088526 8.37584e-08
0.0886159 8.39771e-08
0.0887058 8.41686e-08
0.0887957 8.43019e-08
0.0888855 8.43951e-08
0.0889754 8.44822e-08
0.0890653 8.45835e-08
0.0891552 8.45883e-08
0.089245 8.46935e-08
0.0893349 8.4784e-08
0.0894248 8.4892e-08
0.0895147 8.49823e-08
0.0896045 8.50825e-08
0.0896944 8.52026e-08
0.0897843 8.52657e-08
0.0898742 8.54147e-08
0.089964 8.55823e-08
0.0900539 8.57523e-08
0.0901438 8.58864e-08
0.0902337 8.59918e-08
0.0903235 8.61888e-08
0.0904134 8.64148e-08
0.0905033 8.6697e-08
0.0905932 8.70256e-08
0.090683 8.73048e-08
0.0907729 8.7591e-08
0.0908628 8.80484e-08
0.0909526 8.84366e-08
0.0910425 8.88205e-08
0.0911324 8.92098e-08
0.0912223 8.96194e-08
0.0913121 9.00411e-08
0.091402 9.04999e-08
0.0914919 9.09198e-08
0.0915818 9.13509e-08
0.0916716 9.17471e-08
0.0917615 9.20664e-08
0.0918514 9.23897e-08
0.0919413 9.27669e-08
0.0920311 9.31547e-08
0.092121 9.35124e-08
0.0922109 9.37893e-08
0.0923008 9.42008e-08
0.0923906 9.44787e-08
0.0924805 9.46992e-08
0.0925704 9.48817e-08
0.0926603 9.50603e-08
0.0927501 9.52367e-08
0.09284 9.54599e-08
0.0929299 9.5603e-08
0.0930198 9.56755e-08
0.0931096 9.5758e-08
0.0931995 9.58477e-08
0.0932894 9.599e-08
0.0933793 9.6172e-08
0.0934691 9.62741e-08
0.093559 9.63743e-08
0.0936489 9.64638e-08
0.0937387 9.65805e-08
0.0938286 9.67083e-08
0.0939185 9.68728e-08
0.0940084 9.69541e-08
0.0940982 9.71122e-08
0.0941881 9.72492e-08
0.094278 9.73992e-08
0.0943679 9.75693e-08
0.0944577 9.77133e-08
0.0945476 9.79145e-08
0.0946375 9.81451e-08
0.0947274 9.84124e-08
0.0948172 9.86747e-08
0.0949071 9.90467e-08
0.094997 9.93865e-08
0.0950869 9.96741e-08
0.0951767 1.00002e-07
0.0952666 1.00364e-07
0.0953565 1.00808e-07
0.0954464 1.01117e-07
0.0955362 1.0149e-07
0.0956261 1.01993e-07
0.095716 1.0247e-07
0.0958059 1.02924e-07
0.0958957 1.03381e-07
0.0959856 1.03862e-07
0.0960755 1.04316e-07
0.0961653 1.04816e-07
0.0962552 1.05254e-07
0.0963451 1.05711e-07
0.096435 1.0607e-07
0.0965248 1.0643e-07
0.0966147 1.06797e-07
0.0967046 1.07193e-07
0.0967945 1.07545e-07
0.0968843 1.07879e-07
0.0969742 1.08111e-07
0.0970641 1.08293e-07
0.097154 1.08554e-07
0.0972438 1.08793e-07
0.0973337 1.09056e-07
0.0974236 1.09245e-07
0.0975135 1.09446e-07
0.0976033 1.09732e-07
0.0976932 1.09871e-07
0.0977831 1.10046e-07
0.097873 1.10167e-07
0.0979628 1.10278e-07
0.0980527 1.10348e-07
0.0981426 1.10403e-07
0.0982325 1.10595e-07
0.0983223 1.10728e-07
0.0984122 1.10875e-07
0.0985021 1.1097e-07
0.098592 1.11174e-07
0.0986818 1.1134e-07
0.0987717 1.1149e-07
0.0988616 1.11637e-07
0.0989514 1.11828e-07
0.0990413 1.1205e-07
0.0991312 1.12257e-07
0.0992211 1.12532e-07
0.0993109 1.1277e-07
0.0994008 1.13086e-07
0.0994907 1.13356e-07
0.0995806 1.13734e-07
0.0996704 1.14153e-07
0.0997603 1.14613e-07
0.0998502 1.15021e-07
0.0999401 1.1551e-07
0.10003 1.16051e-07
0.10012 1.1662e-07
0.10021 1.17342e-07
0.1003 1.17891e-07
0.100389 1.18435e-07
0.100479 1.19026e-07
0.100569 1.19541e-07
0.100659 1.20147e-07
0.100749 1.20624e-07
0.100839 1.21117e-07
0.100929 1.21514e-07
0.101019 1.22002e-07
0.101108 1.22308e-07
0.101198 1.22731e-07
0.101288 1.23189e-07
0.101378 1.23509e-07
0.101468 1.23854e-07
0.101558 1.24187e-07
0.101648 1.24638e-07
0.101738 1.24806e-07
0.101827 1.25039e-07
0.101917 1.25333e-07
0.102007 1.2558e-07
0.102097 1.25835e-07
0.102187 1.26179e-07
0.102277 1.26367e-07
0.102367 1.26538e-07
0.102457 1.26753e-07
0.102546 1.26889e-07
0.102636 1.27086e-07
0.102726 1.2719e-07
0.102816 1.27274e-07
0.102906 1.2734e-07
0.102996 1.27569e-07
0.103086 1.27702e-07
0.103176 1.27882e-07
0.103265 1.28058e-07
0.103355 1.28153e-07
0.103445 1.28326e-07
0.103535 1.28548e-07
0.103625 1.28818e-07
0.103715 1.29044e-07
0.103805 1.29252e-07
0.103895 1.29511e-07
0.103984 1.2981e-07
0.104074 1.30132e-07
0.104164 1.30491e-07
0.104254 1.30945e-07
0.104344 1.31358e-07
0.104434 1.31617e-07
0.104524 1.32225e-07
0.104614 1.32711e-07
0.104703 1.33299e-07
0.104793 1.33883e-07
0.104883 1.34695e-07
0.104973 1.35487e-07
0.105063 1.36172e-07
0.105153 1.36888e-07
0.105243 1.37587e-07
0.105333 1.38267e-07
0.105422 1.38933e-07
0.105512 1.39597e-07
0.105602 1.40222e-07
0.105692 1.40832e-07
0.105782 1.41329e-07
0.105872 1.4194e-07
0.105962 1.42544e-07
0.106052 1.43122e-07
0.106141 1.43485e-07
0.106231 1.4388e-07
0.106321 1.44217e-07
0.106411 1.44561e-07
0.106501 1.44961e-07
0.106591 1.45297e-07
0.106681 1.45466e-07
0.106771 1.45702e-07
0.10686 1.45986e-07
0.10695 1.46257e-07
0.10704 1.46497e-07
0.10713 1.46716e-07
0.10722 1.46929e-07
0.10731 1.47136e-07
0.1074 1.47258e-07
0.107489 1.47517e-07
0.107579 1.47831e-07
0.107669 1.47916e-07
0.107759 1.48089e-07
0.107849 1.48202e-07
0.107939 1.48241e-07
0.108029 1.48319e-07
0.108119 1.48318e-07
0.108208 1.48426e-07
0.108298 1.4851e-07
0.108388 1.48684e-07
0.108478 1.48793e-07
0.108568 1.49086e-07
0.108658 1.49439e-07
0.108748 1.49826e-07
0.108838 1.50211e-07
0.108927 1.50616e-07
0.109017 1.51097e-07
0.109107 1.51433e-07
0.109197 1.51884e-07
0.109287 1.5249e-07
0.109377 1.53033e-07
0.109467 1.53592e-07
0.109557 1.54203e-07
0.109646 1.54788e-07
0.109736 1.55385e-07
0.109826 1.56063e-07
0.109916 1.56783e-07
0.110006 1.57658e-07
0.110096 1.58586e-07
0.110186 1.59421e-07
0.110276 1.6043e-07
0.110365 1.61385e-07
0.110455 1.62338e-07
0.110545 1.6352e-07
0.110635 1.64379e-07
0.110725 1.65071e-07
0.110815 1.66019e-07
0.110905 1.66783e-07
0.110995 1.67447e-07
0.111084 1.68058e-07
0.111174 1.6856e-07
0.111264 1.69025e-07
0.111354 1.69357e-07
0.111444 1.69732e-07
0.111534 1.70049e-07
0.111624 1.70295e-07
0.111714 1.70472e-07
0.111803 1.70611e-07
0.111893 1.70972e-07
0.111983 1.71082e-07
0.112073 1.7134e-07
0.112163 1.71522e-07
0.112253 1.71876e-07
0.112343 1.72137e-07
0.112433 1.72348e-07
0.112522 1.72589e-07
0.112612 1.72728e-07
0.112702 1.72841e-07
0.112792 1.7299e-07
0.112882 1.73027e-07
0.112972 1.73047e-07
0.113062 1.73165e-07
0.113152 1.73288e-07
0.113241 1.73307e-07
0.113331 1.73637e-07
0.113421 1.73757e-07
0.113511 1.73819e-07
0.113601 1.74071e-07
0.113691 1.74275e-07
0.113781 1.74595e-07
0.113871 1.74795e-07
0.11396 1.7514e-07
0.11405 1.75558e-07
0.11414 1.7604e-07
0.11423 1.76345e-07
0.11432 1.76947e-07
0.11441 1.77665e-07
0.1145 1.78345e-07
0.11459 1.78932e-07
0.114679 1.79634e-07
0.114769 1.80271e-07
0.114859 1.81173e-07
0.114949 1.82362e-07
0.115039 1.83227e-07
0.115129 1.84204e-07
0.115219 1.85288e-07
0.115309 1.86541e-07
0.115398 1.87619e-07
0.115488 1.88493e-07
0.115578 1.89672e-07
0.115668 1.90728e-07
0.115758 1.91798e-07
0.115848 1.93012e-07
0.115938 1.94257e-07
0.116028 1.95397e-07
0.116117 1.96228e-07
0.116207 1.97077e-07
0.116297 1.97732e-07
0.116387 1.98471e-07
0.116477 1.98911e-07
0.116567 1.99472e-07
0.116657 2.00063e-07
0.116747 2.00442e-07
0.116836 2.00884e-07
0.116926 2.01239e-07
0.117016 2.01523e-07
0.117106 2.0184e-07
0.117196 2.02192e-07
0.117286 2.02369e-07
0.117376 2.02689e-07
0.117466 2.02755e-07
0.117555 2.02788e-07
0.117645 2.02886e-07
0.117735 2.03098e-07
0.117825 2.03172e-07
0.117915 2.03261e-07
0.118005 2.03305e-07
0.118095 2.03306e-07
0.118185 2.03399e-07
0.118274 2.03539e-07
0.118364 2.03569e-07
0.118454 2.03693e-07
0.118544 2.03823e-07
0.118634 2.0384e-07
0.118724 2.04055e-07
0.118814 2.04231e-07
0.118904 2.04549e-07
0.118993 2.04912e-07
0.119083 2.05087e-07
0.119173 2.05377e-07
0.119263 2.05674e-07
0.119353 2.06081e-07
0.119443 2.06579e-07
0.119533 2.07082e-07
0.119623 2.07462e-07
0.119712 2.07941e-07
0.119802 2.0851e-07
0.119892 2.09208e-07
0.119982 2.09876e-07
0.120072 2.10811e-07
0.120162 2.11373e-07
0.120252 2.12259e-07
0.120341 2.13558e-07
0.120431 2.15013e-07
0.120521 2.16577e-07
0.120611 2.18124e-07
0.120701 2.20388e-07
0.120791 2.22184e-07
0.120881 2.23908e-07
0.120971 2.25597e-07
0.12106 2.2721e-07
0.12115 2.28716e-07
0.12124 2.29799e-07
0.12133 2.31151e-07
0.12142 2.32126e-07
0.12151 2.33221e-07
0.1216 2.33925e-07
0.12169 2.34851e-07
0.121779 2.35974e-07
0.121869 2.36777e-07
0.121959 2.37552e-07
0.122049 2.38048e-07
0.122139 2.38226e-07
0.122229 2.38715e-07
0.122319 2.39164e-07
0.122409 2.39206e-07
0.122498 2.39419e-07
0.122588 2.39519e-07
0.122678 2.39704e-07
0.122768 2.39848e-07
0.122858 2.39969e-07
0.122948 2.39997e-07
0.123038 2.40044e-07
0.123128 2.40214e-07
0.123217 2.40404e-07
0.123307 2.40687e-07
0.123397 2.40944e-07
0.123487 2.41104e-07
0.123577 2.41249e-07
0.123667 2.41335e-07
0.123757 2.41442e-07
0.123847 2.41586e-07
0.123936 2.41781e-07
0.124026 2.41831e-07
0.124116 2.41921e-07
0.124206 2.41868e-07
0.124296 2.41864e-07
0.124386 2.42156e-07
0.124476 2.4207e-07
0.124566 2.42038e-07
0.124655 2.42092e-07
0.124745 2.42199e-07
0.124835 2.42395e-07
0.124925 2.42547e-07
0.125015 2.42654e-07
0.125105 2.42753e-07
0.125195 2.43173e-07
0.125285 2.43507e-07
0.125374 2.44034e-07
0.125464 2.45161e-07
0.125554 2.4604e-07
0.125644 2.46989e-07
0.125734 2.48045e-07
0.125824 2.49461e-07
0.125914 2.50734e-07
0.126004 2.52189e-07
0.126093 2.54857e-07
0.126183 2.57213e-07
0.126273 2.60083e-07
0.126363 2.63359e-07
0.126453 2.66874e-07
0.126543 2.69959e-07
0.126633 2.72937e-07
0.126723 2.75206e-07
0.126812 2.77072e-07
0.126902 2.78778e-07
0.126992 2.79818e-07
0.127082 2.80508e-07
0.127172 2.8169e-07
0.127262 2.82375e-07
0.127352 2.83126e-07
0.127442 2.83577e-07
0.127531 2.8356e-07
0.127621 2.83854e-07
0.127711 2.84046e-07
0.127801 2.84322e-07
0.127891 2.84607e-07
0.127981 2.84622e-07
0.128071 2.84827e-07
0.128161 2.84982e-07
0.12825 2.85273e-07
0.12834 2.85357e-07
0.12843 2.85605e-07
0.12852 2.85711e-07
0.12861 2.85596e-07
0.1287 2.85762e-07
0.12879 2.86029e-07
0.12888 2.86107e-07
0.128969 2.86261e-07
0.129059 2.86318e-07
0.129149 2.86436e-07
0.129239 2.86455e-07
0.129329 2.86472e-07
0.129419 2.86444e-07
0.129509 2.864e-07
0.129599 2.86185e-07
0.129688 2.86019e-07
0.129778 2.86036e-07
0.129868 2.85968e-07
0.129958 2.85941e-07
0.130048 2.85976e-07
0.130138 2.86109e-07
0.130228 2.86189e-07
0.130318 2.8622e-07
0.130407 2.86432e-07
0.130497 2.86712e-07
0.130587 2.87165e-07
0.130677 2.87159e-07
0.130767 2.87331e-07
0.130857 2.8763e-07
0.130947 2.87913e-07
0.131037 2.88402e-07
0.131126 2.88657e-07
0.131216 2.8949e-07
0.131306 2.89957e-07
0.131396 2.90765e-07
0.131486 2.91465e-07
0.131576 2.92284e-07
0.131666 2.93291e-07
0.131756 2.93694e-07
0.131845 2.97097e-07
0.131935 3.025e-07
0.132025 3.12067e-07
0.132115 3.21955e-07
0.132205 3.28678e-07
0.132295 3.31937e-07
0.132385 3.33732e-07
0.132475 3.34568e-07
0.132564 3.35542e-07
0.132654 3.35674e-07
0.132744 3.36589e-07
0.132834 3.37188e-07
0.132924 3.37602e-07
0.133014 3.37734e-07
0.133104 3.37991e-07
0.133194 3.38195e-07
0.133283 3.38202e-07
0.133373 3.38344e-07
0.133463 3.38697e-07
0.133553 3.38646e-07
0.133643 3.38827e-07
0.133733 3.3886e-07
0.133823 3.3917e-07
0.133912 3.39424e-07
0.134002 3.39316e-07
0.134092 3.39358e-07
0.134182 3.39225e-07
0.134272 3.39279e-07
0.134362 3.39229e-07
0.134452 3.39187e-07
0.134542 3.39062e-07
0.134631 3.39064e-07
0.134721 3.38968e-07
0.134811 3.39016e-07
