-0.134811 5.54225e-07
-0.134721 5.5423e-07
-0.134631 5.54295e-07
-0.134542 5.54327e-07
-0.134452 5.54287e-07
-0.134362 5.54417e-07
-0.134272 5.5473e-07
-0.134182 5.54783e-07
-0.134092 5.54733e-07
-0.134002 5.54748e-07
-0.133912 5.5467e-07
-0.133823 5.54637e-07
-0.133733 5.54553e-07
-0.133643 5.54312e-07
-0.133553 5.53981e-07
-0.133463 5.53729e-07
-0.133373 5.53338e-07
-0.133283 5.53277e-07
-0.133194 5.53073e-07
-0.133104 5.52644e-07
-0.133014 5.52211e-07
-0.132924 5.51765e-07
-0.132834 5.51287e-07
-0.132744 5.50364e-07
-0.132654 5.4935e-07
-0.132564 5.48391e-07
-0.132475 5.46946e-07
-0.132385 5.45591e-07
-0.132295 5.42235e-07
-0.132205 5.38474e-07
-0.132115 5.31286e-07
-0.132025 5.22695e-07
-0.131935 5.16368e-07
-0.131845 5.12397e-07
-0.131756 5.09701e-07
-0.131666 5.07369e-07
-0.131576 5.06215e-07
-0.131486 5.05545e-07
-0.131396 5.04813e-07
-0.131306 5.04587e-07
-0.131216 5.0415e-07
-0.131126 5.0348e-07
-0.131037 5.03255e-07
-0.130947 5.03133e-07
-0.130857 5.02978e-07
-0.130767 5.02895e-07
-0.130677 5.02752e-07
-0.130587 5.02794e-07
-0.130497 5.02764e-07
-0.130407 5.02622e-07
-0.130318 5.02561e-07
-0.130228 5.02537e-07
-0.130138 5.02224e-07
-0.130048 5.01956e-07
-0.129958 5.01867e-07
-0.129868 5.01706e-07
-0.129778 5.01522e-07
-0.129688 5.01411e-07
-0.129599 5.01318e-07
-0.129509 5.0122e-07
-0.129419 5.01073e-07
-0.129329 5.01013e-07
-0.129239 5.00797e-07
-0.129149 5.00739e-07
-0.129059 5.0049e-07
-0.128969 5.00285e-07
-0.12888 5.00153e-07
-0.12879 5.00079e-07
-0.1287 4.99991e-07
-0.12861 4.99903e-07
-0.12852 4.99788e-07
-0.12843 4.99609e-07
-0.12834 4.99416e-07
-0.12825 4.99186e-07
-0.128161 4.98923e-07
-0.128071 4.98606e-07
-0.127981 4.98069e-07
-0.127891 4.97752e-07
-0.127801 4.97294e-07
-0.127711 4.96831e-07
-0.127621 4.96177e-07
-0.127531 4.95448e-07
-0.127442 4.94916e-07
-0.127352 4.93997e-07
-0.127262 4.9295e-07
-0.127172 4.91614e-07
-0.127082 4.9013e-07
-0.126992 4.88329e-07
-0.126902 4.85982e-07
-0.126812 4.83963e-07
-0.126723 4.81213e-07
-0.126633 4.78319e-07
-0.126543 4.75761e-07
-0.126453 4.7342e-07
-0.126363 4.71173e-07
-0.126273 4.68738e-07
-0.126183 4.66817e-07
-0.126093 4.65128e-07
-0.126004 4.63516e-07
-0.125914 4.62582e-07
-0.125824 4.61869e-07
-0.125734 4.61007e-07
-0.125644 4.60297e-07
-0.125554 4.59591e-07
-0.125464 4.5898e-07
-0.125374 4.58418e-07
-0.125285 4.57894e-07
-0.125195 4.5738e-07
-0.125105 4.56983e-07
-0.125015 4.5676e-07
-0.124925 4.56511e-07
-0.124835 4.56437e-07
-0.124745 4.56033e-07
-0.124655 4.55603e-07
-0.124566 4.55257e-07
-0.124476 4.5495e-07
-0.124386 4.5469e-07
-0.124296 4.54234e-07
-0.124206 4.54066e-07
-0.124116 4.53824e-07
-0.124026 4.53577e-07
-0.123936 4.53297e-07
-0.123847 4.53068e-07
-0.123757 4.53035e-07
-0.123667 4.52906e-07
-0.123577 4.52844e-07
-0.123487 4.52733e-07
-0.123397 4.52549e-07
-0.123307 4.52375e-07
-0.123217 4.52103e-07
-0.123128 4.5189e-07
-0.123038 4.51727e-07
-0.122948 4.51489e-07
-0.122858 4.51093e-07
-0.122768 4.50697e-07
-0.122678 4.50268e-07
-0.122588 4.49784e-07
-0.122498 4.49227e-07
-0.122409 4.48711e-07
-0.122319 4.48116e-07
-0.122229 4.47255e-07
-0.122139 4.46436e-07
-0.122049 4.45634e-07
-0.121959 4.4472e-07
-0.121869 4.43914e-07
-0.121779 4.42925e-07
-0.12169 4.41971e-07
-0.1216 4.40516e-07
-0.12151 4.39104e-07
-0.12142 4.3751e-07
-0.12133 4.35858e-07
-0.12124 4.34308e-07
-0.12115 4.32399e-07
-0.12106 4.30663e-07
-0.120971 4.29209e-07
-0.120881 4.27793e-07
-0.120791 4.26429e-07
-0.120701 4.2508e-07
-0.120611 4.23696e-07
-0.120521 4.22781e-07
-0.120431 4.2192e-07
-0.120341 4.20996e-07
-0.120252 4.20263e-07
-0.120162 4.19537e-07
-0.120072 4.19119e-07
-0.119982 4.18447e-07
-0.119892 4.17852e-07
-0.119802 4.17199e-07
-0.119712 4.16767e-07
-0.119623 4.16273e-07
-0.119533 4.157e-07
-0.119443 4.15357e-07
-0.119353 4.14977e-07
-0.119263 4.1461e-07
-0.119173 4.1425e-07
-0.119083 4.14112e-07
-0.118993 4.13835e-07
-0.118904 4.13568e-07
-0.118814 4.13314e-07
-0.118724 4.12937e-07
-0.118634 4.12737e-07
-0.118544 4.12423e-07
-0.118454 4.12198e-07
-0.118364 4.11981e-07
-0.118274 4.11739e-07
-0.118185 4.11594e-07
-0.118095 4.11243e-07
-0.118005 4.11055e-07
-0.117915 4.10788e-07
-0.117825 4.10344e-07
-0.117735 4.1e-07
-0.117645 4.09584e-07
-0.117555 4.09113e-07
-0.117466 4.08756e-07
-0.117376 4.08149e-07
-0.117286 4.07498e-07
-0.117196 4.06907e-07
-0.117106 4.0622e-07
-0.117016 4.05506e-07
-0.116926 4.04891e-07
-0.116836 4.04188e-07
-0.116747 4.03352e-07
-0.116657 4.02474e-07
-0.116567 4.01518e-07
-0.116477 4.00549e-07
-0.116387 3.99656e-07
-0.116297 3.98509e-07
-0.116207 3.97304e-07
-0.116117 3.96035e-07
-0.116028 3.94688e-07
-0.115938 3.93374e-07
-0.115848 3.92139e-07
-0.115758 3.9087e-07
-0.115668 3.89735e-07
-0.115578 3.88774e-07
-0.115488 3.87836e-07
-0.115398 3.86949e-07
-0.115309 3.86148e-07
-0.115219 3.8543e-07
-0.115129 3.84779e-07
-0.115039 3.84053e-07
-0.114949 3.83617e-07
-0.114859 3.82914e-07
-0.114769 3.82303e-07
-0.114679 3.81874e-07
-0.11459 3.81408e-07
-0.1145 3.809e-07
-0.11441 3.80465e-07
-0.11432 3.80055e-07
-0.11423 3.79683e-07
-0.11414 3.79272e-07
-0.11405 3.78929e-07
-0.11396 3.78593e-07
-0.113871 3.78238e-07
-0.113781 3.7775e-07
-0.113691 3.77472e-07
-0.113601 3.77221e-07
-0.113511 3.76927e-07
-0.113421 3.76673e-07
-0.113331 3.76382e-07
-0.113241 3.75983e-07
-0.113152 3.75674e-07
-0.113062 3.75404e-07
-0.112972 3.75072e-07
-0.112882 3.74729e-07
-0.112792 3.74325e-07
-0.112702 3.7397e-07
-0.112612 3.73522e-07
-0.112522 3.73155e-07
-0.112433 3.72712e-07
-0.112343 3.72312e-07
-0.112253 3.71709e-07
-0.112163 3.71117e-07
-0.112073 3.70527e-07
-0.111983 3.69961e-07
-0.111893 3.69395e-07
-0.111803 3.68794e-07
-0.111714 3.68173e-07
-0.111624 3.67492e-07
-0.111534 3.66621e-07
-0.111444 3.6572e-07
-0.111354 3.64812e-07
-0.111264 3.63801e-07
-0.111174 3.62703e-07
-0.111084 3.6163e-07
-0.110995 3.60671e-07
-0.110905 3.59728e-07
-0.110815 3.58705e-07
-0.110725 3.57676e-07
-0.110635 3.56925e-07
-0.110545 3.5601e-07
-0.110455 3.55175e-07
-0.110365 3.54324e-07
-0.110276 3.5343e-07
-0.110186 3.52742e-07
-0.110096 3.52117e-07
-0.110006 3.51525e-07
-0.109916 3.50845e-07
-0.109826 3.50225e-07
-0.109736 3.49639e-07
-0.109646 3.49133e-07
-0.109557 3.48691e-07
-0.109467 3.48177e-07
-0.109377 3.47733e-07
-0.109287 3.47394e-07
-0.109197 3.47029e-07
-0.109107 3.46762e-07
-0.109017 3.46516e-07
-0.108927 3.4618e-07
-0.108838 3.45844e-07
-0.108748 3.45517e-07
-0.108658 3.45224e-07
-0.108568 3.44897e-07
-0.108478 3.44547e-07
-0.108388 3.4424e-07
-0.108298 3.4394e-07
-0.108208 3.4363e-07
-0.108119 3.43297e-07
-0.108029 3.43034e-07
-0.107939 3.42708e-07
-0.107849 3.42266e-07
-0.107759 3.41915e-07
-0.107669 3.4154e-07
-0.107579 3.41123e-07
-0.107489 3.40545e-07
-0.1074 3.40043e-07
-0.10731 3.39544e-07
-0.10722 3.38956e-07
-0.10713 3.38453e-07
-0.10704 3.37806e-07
-0.10695 3.37188e-07
-0.10686 3.36495e-07
-0.106771 3.35854e-07
-0.106681 3.3513e-07
-0.106591 3.34398e-07
-0.106501 3.33638e-07
-0.106411 3.32757e-07
-0.106321 3.31977e-07
-0.106231 3.31086e-07
-0.106141 3.30259e-07
-0.106052 3.2939e-07
-0.105962 3.28513e-07
-0.105872 3.27537e-07
-0.105782 3.26755e-07
-0.105692 3.25994e-07
-0.105602 3.25249e-07
-0.105512 3.24545e-07
-0.105422 3.23912e-07
-0.105333 3.23358e-07
-0.105243 3.22801e-07
-0.105153 3.22313e-07
-0.105063 3.21793e-07
-0.104973 3.2137e-07
-0.104883 3.2086e-07
-0.104793 3.20449e-07
-0.104703 3.20083e-07
-0.104614 3.19667e-07
-0.104524 3.1925e-07
-0.104434 3.18833e-07
-0.104344 3.18521e-07
-0.104254 3.18222e-07
-0.104164 3.17793e-07
-0.104074 3.17501e-07
-0.103984 3.17104e-07
-0.103895 3.16759e-07
-0.103805 3.16392e-07
-0.103715 3.16078e-07
-0.103625 3.15704e-07
-0.103535 3.15376e-07
-0.103445 3.15001e-07
-0.103355 3.14679e-07
-0.103265 3.14388e-07
-0.103176 3.14029e-07
-0.103086 3.13689e-07
-0.102996 3.13248e-07
-0.102906 3.12853e-07
-0.102816 3.12433e-07
-0.102726 3.12049e-07
-0.102636 3.11544e-07
-0.102546 3.10958e-07
-0.102457 3.10385e-07
-0.102367 3.09808e-07
-0.102277 3.09148e-07
-0.102187 3.08407e-07
-0.102097 3.07727e-07
-0.102007 3.06953e-07
-0.101917 3.06204e-07
-0.101827 3.05411e-07
-0.101738 3.04733e-07
-0.101648 3.03972e-07
-0.101558 3.03234e-07
-0.101468 3.02526e-07
-0.101378 3.01795e-07
-0.101288 3.01141e-07
-0.101198 3.00392e-07
-0.101108 2.99657e-07
-0.101019 2.99007e-07
-0.100929 2.98384e-07
-0.100839 2.97774e-07
-0.100749 2.9718e-07
-0.100659 2.9666e-07
-0.100569 2.96092e-07
-0.100479 2.95599e-07
-0.100389 2.95127e-07
-0.1003 2.94725e-07
-0.10021 2.94303e-07
-0.10012 2.939e-07
-0.10003 2.93503e-07
-0.0999401 2.93162e-07
-0.0998502 2.92842e-07
-0.0997603 2.92568e-07
-0.0996704 2.92254e-07
-0.0995806 2.91881e-07
-0.0994907 2.91604e-07
-0.0994008 2.91347e-07
-0.0993109 2.91063e-07
-0.0992211 2.90784e-07
-0.0991312 2.90505e-07
-0.0990413 2.90242e-07
-0.0989514 2.89955e-07
-0.0988616 2.89629e-07
-0.0987717 2.89288e-07
-0.0986818 2.88935e-07
-0.098592 2.88515e-07
-0.0985021 2.88034e-07
-0.0984122 2.87675e-07
-0.0983223 2.87233e-07
-0.0982325 2.86773e-07
-0.0981426 2.86252e-07
-0.0980527 2.85784e-07
-0.0979628 2.85285e-07
-0.097873 2.84669e-07
-0.0977831 2.84075e-07
-0.0976932 2.83442e-07
-0.0976033 2.8275e-07
-0.0975135 2.82129e-07
-0.0974236 2.81512e-07
-0.0973337 2.80769e-07
-0.0972438 2.80052e-07
-0.097154 2.79282e-07
-0.0970641 2.78577e-07
-0.0969742 2.77873e-07
-0.0968843 2.77212e-07
-0.0967945 2.76548e-07
-0.0967046 2.75859e-07
-0.0966147 2.75196e-07
-0.0965248 2.74568e-07
-0.096435 2.74004e-07
-0.0963451 2.73393e-07
-0.0962552 2.72812e-07
-0.0961653 2.7225e-07
-0.0960755 2.71704e-07
-0.0959856 2.71216e-07
-0.0958957 2.70733e-07
-0.0958059 2.70304e-07
-0.095716 2.69933e-07
-0.0956261 2.69587e-07
-0.0955362 2.69296e-07
-0.0954464 2.68999e-07
-0.0953565 2.68762e-07
-0.0952666 2.68492e-07
-0.0951767 2.68273e-07
-0.0950869 2.68003e-07
-0.094997 2.67764e-07
-0.0949071 2.67467e-07
-0.0948172 2.67163e-07
-0.0947274 2.66901e-07
-0.0946375 2.66621e-07
-0.0945476 2.66304e-07
-0.0944577 2.66002e-07
-0.0943679 2.65653e-07
-0.094278 2.65308e-07
-0.0941881 2.6499e-07
-0.0940982 2.64623e-07
-0.0940084 2.64238e-07
-0.0939185 2.63835e-07
-0.0938286 2.63401e-07
-0.0937387 2.62904e-07
-0.0936489 2.62437e-07
-0.093559 2.61952e-07
-0.0934691 2.61407e-07
-0.0933793 2.60826e-07
-0.0932894 2.60133e-07
-0.0931995 2.59489e-07
-0.0931096 2.58864e-07
-0.0930198 2.58216e-07
-0.0929299 2.57544e-07
-0.09284 2.56876e-07
-0.0927501 2.5627e-07
-0.0926603 2.5559e-07
-0.0925704 2.54949e-07
-0.0924805 2.54327e-07
-0.0923906 2.53631e-07
-0.0923008 2.52992e-07
-0.0922109 2.52431e-07
-0.092121 2.51843e-07
-0.0920311 2.51276e-07
-0.0919413 2.50737e-07
-0.0918514 2.50222e-07
-0.0917615 2.49771e-07
-0.0916716 2.49348e-07
-0.0915818 2.48896e-07
-0.0914919 2.48462e-07
-0.091402 2.48069e-07
-0.0913121 2.47693e-07
-0.0912223 2.47364e-07
-0.0911324 2.47046e-07
-0.0910425 2.46661e-07
-0.0909526 2.4635e-07
-0.0908628 2.46039e-07
-0.0907729 2.45751e-07
-0.090683 2.45406e-07
-0.0905932 2.45112e-07
-0.0905033 2.44877e-07
-0.0904134 2.4463e-07
-0.0903235 2.44372e-07
-0.0902337 2.44095e-07
-0.0901438 2.43846e-07
-0.0900539 2.43568e-07
-0.089964 2.43259e-07
-0.0898742 2.4291e-07
-0.0897843 2.42558e-07
-0.0896944 2.42205e-07
-0.0896045 2.41782e-07
-0.0895147 2.41399e-07
-0.0894248 2.4096e-07
-0.0893349 2.40458e-07
-0.089245 2.39947e-07
-0.0891552 2.39398e-07
-0.0890653 2.38796e-07
-0.0889754 2.38265e-07
-0.0888855 2.37718e-07
-0.0887957 2.37149e-07
-0.0887058 2.3654e-07
-0.0886159 2.35913e-07
-0.088526 2.35351e-07
-0.0884362 2.34738e-07
-0.0883463 2.34143e-07
-0.0882564 2.33538e-07
-0.0881665 2.32958e-07
-0.0880767 2.32349e-07
-0.0879868 2.3175e-07
-0.0878969 2.31223e-07
-0.0878071 2.3068e-07
-0.0877172 2.30189e-07
-0.0876273 2.29699e-07
-0.0875374 2.29269e-07
-0.0874476 2.28846e-07
-0.0873577 2.28408e-07
-0.0872678 2.28009e-07
-0.0871779 2.27633e-07
-0.0870881 2.27287e-07
-0.0869982 2.2699e-07
-0.0869083 2.26705e-07
-0.0868184 2.2637e-07
-0.0867286 2.26069e-07
-0.0866387 2.25765e-07
-0.0865488 2.25462e-07
-0.0864589 2.25151e-07
-0.0863691 2.24848e-07
-0.0862792 2.24548e-07
-0.0861893 2.24252e-07
-0.0860994 2.23926e-07
-0.0860096 2.23599e-07
-0.0859197 2.2331e-07
-0.0858298 2.22954e-07
-0.0857399 2.2259e-07
-0.0856501 2.22226e-07
-0.0855602 2.21828e-07
-0.0854703 2.21427e-07
-0.0853805 2.2098e-07
-0.0852906 2.2056e-07
-0.0852007 2.20124e-07
-0.0851108 2.19647e-07
-0.085021 2.19185e-07
-0.0849311 2.18701e-07
-0.0848412 2.18162e-07
-0.0847513 2.17661e-07
-0.0846615 2.1713e-07
-0.0845716 2.1659e-07
-0.0844817 2.16074e-07
-0.0843918 2.1556e-07
-0.084302 2.15034e-07
-0.0842121 2.14519e-07
-0.0841222 2.13971e-07
-0.0840323 2.13435e-07
-0.0839425 2.12928e-07
-0.0838526 2.12401e-07
-0.0837627 2.11892e-07
-0.0836728 2.11445e-07
-0.083583 2.10986e-07
-0.0834931 2.10558e-07
-0.0834032 2.10093e-07
-0.0833133 2.09706e-07
-0.0832235 2.09339e-07
-0.0831336 2.08964e-07
-0.0830437 2.08592e-07
-0.0829538 2.08248e-07
-0.082864 2.07927e-07
-0.0827741 2.07618e-07
-0.0826842 2.07309e-07
-0.0825944 2.07026e-07
-0.0825045 2.06688e-07
-0.0824146 2.06374e-07
-0.0823247 2.06062e-07
-0.0822349 2.05743e-07
-0.082145 2.05404e-07
-0.0820551 2.05064e-07
-0.0819652 2.04709e-07
-0.0818754 2.04371e-07
-0.0817855 2.04013e-07
-0.0816956 2.03685e-07
-0.0816057 2.03285e-07
-0.0815159 2.02917e-07
-0.081426 2.02517e-07
-0.0813361 2.02112e-07
-0.0812462 2.01645e-07
-0.0811564 2.01194e-07
-0.0810665 2.00749e-07
-0.0809766 2.00291e-07
-0.0808867 1.99831e-07
-0.0807969 1.99331e-07
-0.080707 1.98874e-07
-0.0806171 1.98406e-07
-0.0805272 1.97931e-07
-0.0804374 1.97486e-07
-0.0803475 1.97023e-07
-0.0802576 1.9658e-07
-0.0801677 1.96124e-07
-0.0800779 1.95645e-07
-0.079988 1.95203e-07
-0.0798981 1.94744e-07
-0.0798083 1.94291e-07
-0.0797184 1.93852e-07
-0.0796285 1.93396e-07
-0.0795386 1.92958e-07
-0.0794488 1.92575e-07
-0.0793589 1.92212e-07
-0.079269 1.91829e-07
-0.0791791 1.91455e-07
-0.0790893 1.91127e-07
-0.0789994 1.90777e-07
-0.0789095 1.90448e-07
-0.0788196 1.90104e-07
-0.0787298 1.8976e-07
-0.0786399 1.89433e-07
-0.07855 1.89081e-07
-0.0784601 1.8874e-07
-0.0783703 1.88392e-07
-0.0782804 1.88032e-07
-0.0781905 1.87674e-07
-0.0781006 1.87317e-07
-0.0780108 1.8699e-07
-0.0779209 1.86599e-07
-0.077831 1.86231e-07
-0.0777411 1.85868e-07
-0.0776513 1.85462e-07
-0.0775614 1.85089e-07
-0.0774715 1.84735e-07
-0.0773817 1.8432e-07
-0.0772918 1.83935e-07
-0.0772019 1.83521e-07
-0.077112 1.8314e-07
-0.0770222 1.82694e-07
-0.0769323 1.82261e-07
-0.0768424 1.81846e-07
-0.0767525 1.81439e-07
-0.0766627 1.81015e-07
-0.0765728 1.80586e-07
-0.0764829 1.8015e-07
-0.076393 1.79726e-07
-0.0763032 1.79296e-07
-0.0762133 1.78889e-07
-0.0761234 1.78468e-07
-0.0760335 1.78062e-07
-0.0759437 1.77624e-07
-0.0758538 1.77233e-07
-0.0757639 1.76852e-07
-0.075674 1.76479e-07
-0.0755842 1.7608e-07
-0.0754943 1.75712e-07
-0.0754044 1.7531e-07
-0.0753145 1.74955e-07
-0.0752247 1.74592e-07
-0.0751348 1.74225e-07
-0.0750449 1.73852e-07
-0.074955 1.73477e-07
-0.0748652 1.73139e-07
-0.0747753 1.72775e-07
-0.0746854 1.72401e-07
-0.0745956 1.72034e-07
-0.0745057 1.71696e-07
-0.0744158 1.71333e-07
-0.0743259 1.70988e-07
-0.0742361 1.70634e-07
-0.0741462 1.70276e-07
-0.0740563 1.69899e-07
-0.0739664 1.6953e-07
-0.0738766 1.69167e-07
-0.0737867 1.68812e-07
-0.0736968 1.68447e-07
-0.0736069 1.68085e-07
-0.0735171 1.67707e-07
-0.0734272 1.67331e-07
-0.0733373 1.66985e-07
-0.0732474 1.66614e-07
-0.0731576 1.66243e-07
-0.0730677 1.6587e-07
-0.0729778 1.65493e-07
-0.0728879 1.65117e-07
-0.0727981 1.64716e-07
-0.0727082 1.64319e-07
-0.0726183 1.63954e-07
-0.0725284 1.63568e-07
-0.0724386 1.63211e-07
-0.0723487 1.62829e-07
-0.0722588 1.62433e-07
-0.0721689 1.62054e-07
-0.0720791 1.61687e-07
-0.0719892 1.61316e-07
-0.0718993 1.60953e-07
-0.0718095 1.60591e-07
-0.0717196 1.60233e-07
-0.0716297 1.59869e-07
-0.0715398 1.59494e-07
-0.07145 1.5912e-07
-0.0713601 1.58747e-07
-0.0712702 1.5839e-07
-0.0711803 1.57986e-07
-0.0710905 1.57634e-07
-0.0710006 1.57288e-07
-0.0709107 1.56932e-07
-0.0708208 1.56561e-07
-0.070731 1.5622e-07
-0.0706411 1.55883e-07
-0.0705512 1.55512e-07
-0.0704613 1.55165e-07
-0.0703715 1.54803e-07
-0.0702816 1.54447e-07
-0.0701917 1.54107e-07
-0.0701018 1.53764e-07
-0.070012 1.53401e-07
-0.0699221 1.5304e-07
-0.0698322 1.52685e-07
-0.0697423 1.52326e-07
-0.0696525 1.5197e-07
-0.0695626 1.51613e-07
-0.0694727 1.51266e-07
-0.0693829 1.5092e-07
-0.069293 1.50571e-07
-0.0692031 1.50204e-07
-0.0691132 1.49854e-07
-0.0690234 1.49477e-07
-0.0689335 1.49092e-07
-0.0688436 1.48739e-07
-0.0687537 1.48363e-07
-0.0686639 1.47992e-07
-0.068574 1.47604e-07
-0.0684841 1.47267e-07
-0.0683942 1.4693e-07
-0.0683044 1.46575e-07
-0.0682145 1.46236e-07
-0.0681246 1.45905e-07
-0.0680347 1.45524e-07
-0.0679449 1.45168e-07
-0.067855 1.44806e-07
-0.0677651 1.44462e-07
-0.0676752 1.44116e-07
-0.0675854 1.43771e-07
-0.0674955 1.43417e-07
-0.0674056 1.4308e-07
-0.0673157 1.42745e-07
-0.0672259 1.42396e-07
-0.067136 1.42046e-07
-0.0670461 1.41706e-07
-0.0669562 1.41362e-07
-0.0668664 1.41025e-07
-0.0667765 1.40667e-07
-0.0666866 1.40333e-07
-0.0665968 1.39998e-07
-0.0665069 1.39672e-07
-0.066417 1.39338e-07
-0.0663271 1.39005e-07
-0.0662373 1.38668e-07
-0.0661474 1.38331e-07
-0.0660575 1.37985e-07
-0.0659676 1.37673e-07
-0.0658778 1.37364e-07
-0.0657879 1.3703e-07
-0.065698 1.36695e-07
-0.0656081 1.36365e-07
-0.0655183 1.36014e-07
-0.0654284 1.35652e-07
-0.0653385 1.35305e-07
-0.0652486 1.34962e-07
-0.0651588 1.34624e-07
-0.0650689 1.34277e-07
-0.064979 1.33934e-07
-0.0648891 1.3357e-07
-0.0647993 1.33234e-07
-0.0647094 1.32886e-07
-0.0646195 1.32542e-07
-0.0645296 1.32197e-07
-0.0644398 1.31865e-07
-0.0643499 1.31535e-07
-0.06426 1.31193e-07
-0.0641701 1.30861e-07
-0.0640803 1.30518e-07
-0.0639904 1.30191e-07
-0.0639005 1.29837e-07
-0.0638107 1.29486e-07
-0.0637208 1.29163e-07
-0.0636309 1.28816e-07
-0.063541 1.28503e-07
-0.0634512 1.2818e-07
-0.0633613 1.27878e-07
-0.0632714 1.27568e-07
-0.0631815 1.27246e-07
-0.0630917 1.2693e-07
-0.0630018 1.26626e-07
-0.0629119 1.26306e-07
-0.062822 1.25987e-07
-0.0627322 1.25682e-07
-0.0626423 1.25365e-07
-0.0625524 1.25043e-07
-0.0624625 1.24719e-07
-0.0623727 1.24395e-07
-0.0622828 1.24057e-07
-0.0621929 1.23714e-07
-0.062103 1.2338e-07
-0.0620132 1.23059e-07
-0.0619233 1.22739e-07
-0.0618334 1.22418e-07
-0.0617435 1.22086e-07
-0.0616537 1.21757e-07
-0.0615638 1.21425e-07
-0.0614739 1.21094e-07
-0.0613841 1.20764e-07
-0.0612942 1.20434e-07
-0.0612043 1.20093e-07
-0.0611144 1.19759e-07
-0.0610246 1.19425e-07
-0.0609347 1.19099e-07
-0.0608448 1.18781e-07
-0.0607549 1.18454e-07
-0.0606651 1.18104e-07
-0.0605752 1.17793e-07
-0.0604853 1.17474e-07
-0.0603954 1.17172e-07
-0.0603056 1.16872e-07
-0.0602157 1.16575e-07
-0.0601258 1.16271e-07
-0.0600359 1.15951e-07
-0.0599461 1.15635e-07
-0.0598562 1.15326e-07
-0.0597663 1.15009e-07
-0.0596764 1.14704e-07
-0.0595866 1.14405e-07
-0.0594967 1.14088e-07
-0.0594068 1.13774e-07
-0.0593169 1.13457e-07
-0.0592271 1.1314e-07
-0.0591372 1.12825e-07
-0.0590473 1.12506e-07
-0.0589574 1.12196e-07
-0.0588676 1.11887e-07
-0.0587777 1.11571e-07
-0.0586878 1.11251e-07
-0.058598 1.1096e-07
-0.0585081 1.10656e-07
-0.0584182 1.1034e-07
-0.0583283 1.10033e-07
-0.0582385 1.09716e-07
-0.0581486 1.09398e-07
-0.0580587 1.09057e-07
-0.0579688 1.08752e-07
-0.057879 1.08445e-07
-0.0577891 1.0814e-07
-0.0576992 1.0783e-07
-0.0576093 1.07525e-07
-0.0575195 1.07201e-07
-0.0574296 1.06903e-07
-0.0573397 1.06619e-07
-0.0572498 1.06328e-07
-0.05716 1.06028e-07
-0.0570701 1.05736e-07
-0.0569802 1.05448e-07
-0.0568903 1.05153e-07
-0.0568005 1.04854e-07
-0.0567106 1.04568e-07
-0.0566207 1.04276e-07
-0.0565308 1.03978e-07
-0.056441 1.03688e-07
-0.0563511 1.03394e-07
-0.0562612 1.03105e-07
-0.0561713 1.02809e-07
-0.0560815 1.02509e-07
-0.0559916 1.02216e-07
-0.0559017 1.01918e-07
-0.0558119 1.01606e-07
-0.055722 1.01305e-07
-0.0556321 1.01009e-07
-0.0555422 1.00711e-07
-0.0554524 1.00434e-07
-0.0553625 1.00153e-07
-0.0552726 9.9846e-08
-0.0551827 9.95538e-08
-0.0550929 9.92533e-08
-0.055003 9.89613e-08
-0.0549131 9.86389e-08
-0.0548232 9.83458e-08
-0.0547334 9.80479e-08
-0.0546435 9.77531e-08
-0.0545536 9.74617e-08
-0.0544637 9.71639e-08
-0.0543739 9.6849e-08
-0.054284 9.65513e-08
-0.0541941 9.62595e-08
-0.0541042 9.59668e-08
-0.0540144 9.56777e-08
-0.0539245 9.53938e-08
-0.0538346 9.51112e-08
-0.0537447 9.48271e-08
-0.0536549 9.45339e-08
-0.053565 9.42512e-08
-0.0534751 9.39552e-08
-0.0533853 9.36587e-08
-0.0532954 9.33675e-08
-0.0532055 9.30866e-08
-0.0531156 9.28004e-08
-0.0530258 9.25159e-08
-0.0529359 9.22279e-08
-0.052846 9.19479e-08
-0.0527561 9.16699e-08
-0.0526663 9.13845e-08
-0.0525764 9.10974e-08
-0.0524865 9.08109e-08
-0.0523966 9.0516e-08
-0.0523068 9.02342e-08
-0.0522169 8.99672e-08
-0.052127 8.96882e-08
-0.0520371 8.94251e-08
-0.0519473 8.91441e-08
-0.0518574 8.88642e-08
-0.0517675 8.85593e-08
-0.0516776 8.82758e-08
-0.0515878 8.80071e-08
-0.0514979 8.77249e-08
-0.051408 8.74531e-08
-0.0513181 8.71632e-08
-0.0512283 8.68584e-08
-0.0511384 8.65876e-08
-0.0510485 8.63218e-08
-0.0509586 8.60504e-08
-0.0508688 8.57816e-08
-0.0507789 8.55199e-08
-0.050689 8.52601e-08
-0.0505992 8.50089e-08
-0.0505093 8.47451e-08
-0.0504194 8.44806e-08
-0.0503295 8.42145e-08
-0.0502397 8.39422e-08
-0.0501498 8.3657e-08
-0.0500599 8.33879e-08
-0.04997 8.31128e-08
-0.0498802 8.28466e-08
-0.0497903 8.25797e-08
-0.0497004 8.23139e-08
-0.0496105 8.20515e-08
-0.0495207 8.17894e-08
-0.0494308 8.15269e-08
-0.0493409 8.12762e-08
-0.049251 8.10192e-08
-0.0491612 8.07604e-08
-0.0490713 8.0504e-08
-0.0489814 8.02244e-08
-0.0488915 7.99587e-08
-0.0488017 7.96757e-08
-0.0487118 7.94097e-08
-0.0486219 7.9126e-08
-0.048532 7.88452e-08
-0.0484422 7.85908e-08
-0.0483523 7.83171e-08
-0.0482624 7.8058e-08
-0.0481725 7.77952e-08
-0.0480827 7.75156e-08
-0.0479928 7.72591e-08
-0.0479029 7.7002e-08
-0.0478131 7.67371e-08
-0.0477232 7.64737e-08
-0.0476333 7.62088e-08
-0.0475434 7.59542e-08
-0.0474536 7.56974e-08
-0.0473637 7.54416e-08
-0.0472738 7.51811e-08
-0.0471839 7.49236e-08
-0.0470941 7.46715e-08
-0.0470042 7.44186e-08
-0.0469143 7.41694e-08
-0.0468244 7.39154e-08
-0.0467346 7.36587e-08
-0.0466447 7.34148e-08
-0.0465548 7.31566e-08
-0.0464649 7.29022e-08
-0.0463751 7.2647e-08
-0.0462852 7.23878e-08
-0.0461953 7.21385e-08
-0.0461054 7.1891e-08
-0.0460156 7.164e-08
-0.0459257 7.13937e-08
-0.0458358 7.11386e-08
-0.0457459 7.0893e-08
-0.0456561 7.0634e-08
-0.0455662 7.04024e-08
-0.0454763 7.01402e-08
-0.0453865 6.98836e-08
-0.0452966 6.96367e-08
-0.0452067 6.93883e-08
-0.0451168 6.91401e-08
-0.045027 6.88865e-08
-0.0449371 6.86217e-08
-0.0448472 6.8363e-08
-0.0447573 6.81255e-08
-0.0446675 6.78763e-08
-0.0445776 6.764e-08
-0.0444877 6.73963e-08
-0.0443978 6.71742e-08
-0.044308 6.69374e-08
-0.0442181 6.66943e-08
-0.0441282 6.64604e-08
-0.0440383 6.62097e-08
-0.0439485 6.59562e-08
-0.0438586 6.57317e-08
-0.0437687 6.54914e-08
-0.0436788 6.52449e-08
-0.043589 6.50077e-08
-0.0434991 6.4766e-08
-0.0434092 6.45154e-08
-0.0433193 6.4272e-08
-0.0432295 6.4028e-08
-0.0431396 6.37874e-08
-0.0430497 6.35461e-08
-0.0429598 6.3303e-08
-0.04287 6.30636e-08
-0.0427801 6.28318e-08
-0.0426902 6.25832e-08
-0.0426004 6.23412e-08
-0.0425105 6.20984e-08
-0.0424206 6.18594e-08
-0.0423307 6.1618e-08
-0.0422409 6.1378e-08
-0.042151 6.11575e-08
-0.0420611 6.09336e-08
-0.0419712 6.07003e-08
-0.0418814 6.04728e-08
-0.0417915 6.02336e-08
-0.0417016 5.99884e-08
-0.0416117 5.97572e-08
-0.0415219 5.95212e-08
-0.041432 5.92927e-08
-0.0413421 5.90493e-08
-0.0412522 5.884e-08
-0.0411624 5.86191e-08
-0.0410725 5.84033e-08
-0.0409826 5.8187e-08
-0.0408927 5.79666e-08
-0.0408029 5.77422e-08
-0.040713 5.75328e-08
-0.0406231 5.73108e-08
-0.0405332 5.70847e-08
-0.0404434 5.68569e-08
-0.0403535 5.66222e-08
-0.0402636 5.63787e-08
-0.0401737 5.61365e-08
-0.0400839 5.59036e-08
-0.039994 5.56785e-08
-0.0399041 5.54555e-08
-0.0398143 5.52354e-08
-0.0397244 5.50175e-08
-0.0396345 5.47974e-08
-0.0395446 5.4581e-08
-0.0394548 5.43705e-08
-0.0393649 5.41545e-08
-0.039275 5.39325e-08
-0.0391851 5.37094e-08
-0.0390953 5.34929e-08
-0.0390054 5.32707e-08
-0.0389155 5.30531e-08
-0.0388256 5.28283e-08
-0.0387358 5.2611e-08
-0.0386459 5.23978e-08
-0.038556 5.21843e-08
-0.0384661 5.19702e-08
-0.0383763 5.17606e-08
-0.0382864 5.1551e-08
-0.0381965 5.13324e-08
-0.0381066 5.11291e-08
-0.0380168 5.09196e-08
-0.0379269 5.07054e-08
-0.037837 5.04911e-08
-0.0377471 5.02835e-08
-0.0376573 5.00704e-08
-0.0375674 4.98662e-08
-0.0374775 4.96529e-08
-0.0373876 4.94292e-08
-0.0372978 4.92163e-08
-0.0372079 4.9005e-08
-0.037118 4.87924e-08
-0.0370282 4.85649e-08
-0.0369383 4.83553e-08
-0.0368484 4.81421e-08
-0.0367585 4.79347e-08
-0.0366687 4.77264e-08
-0.0365788 4.7521e-08
-0.0364889 4.72943e-08
-0.036399 4.70836e-08
-0.0363092 4.68749e-08
-0.0362193 4.66712e-08
-0.0361294 4.64634e-08
-0.0360395 4.62627e-08
-0.0359497 4.60681e-08
-0.0358598 4.58658e-08
-0.0357699 4.56667e-08
-0.03568 4.54615e-08
-0.0355902 4.52571e-08
-0.0355003 4.50647e-08
-0.0354104 4.48672e-08
-0.0353205 4.46624e-08
-0.0352307 4.44592e-08
-0.0351408 4.42606e-08
-0.0350509 4.40636e-08
-0.034961 4.38631e-08
-0.0348712 4.36591e-08
-0.0347813 4.34673e-08
-0.0346914 4.3268e-08
-0.0346016 4.30593e-08
-0.0345117 4.28612e-08
-0.0344218 4.26557e-08
-0.0343319 4.24671e-08
-0.0342421 4.22706e-08
-0.0341522 4.2072e-08
-0.0340623 4.18813e-08
-0.0339724 4.16905e-08
-0.0338826 4.14907e-08
-0.0337927 4.13006e-08
-0.0337028 4.11084e-08
-0.0336129 4.0915e-08
-0.0335231 4.07115e-08
-0.0334332 4.05137e-08
-0.0333433 4.03101e-08
-0.0332534 4.01309e-08
-0.0331636 3.99431e-08
-0.0330737 3.97478e-08
-0.0329838 3.95561e-08
-0.0328939 3.93617e-08
-0.0328041 3.91836e-08
-0.0327142 3.90001e-08
-0.0326243 3.88168e-08
-0.0325344 3.86279e-08
-0.0324446 3.84257e-08
-0.0323547 3.82435e-08
-0.0322648 3.80742e-08
-0.0321749 3.78914e-08
-0.0320851 3.77133e-08
-0.0319952 3.7518e-08
-0.0319053 3.73332e-08
-0.0318155 3.71333e-08
-0.0317256 3.69345e-08
-0.0316357 3.67544e-08
-0.0315458 3.65686e-08
-0.031456 3.63732e-08
-0.0313661 3.61868e-08
-0.0312762 3.60025e-08
-0.0311863 3.58158e-08
-0.0310965 3.56518e-08
-0.0310066 3.54748e-08
-0.0309167 3.5298e-08
-0.0308268 3.512e-08
-0.030737 3.49542e-08
-0.0306471 3.47762e-08
-0.0305572 3.45995e-08
-0.0304673 3.44273e-08
-0.0303775 3.42478e-08
-0.0302876 3.40768e-08
-0.0301977 3.39097e-08
-0.0301078 3.37397e-08
-0.030018 3.35792e-08
-0.0299281 3.34071e-08
-0.0298382 3.3234e-08
-0.0297483 3.30605e-08
-0.0296585 3.28922e-08
-0.0295686 3.27173e-08
-0.0294787 3.2551e-08
-0.0293888 3.23799e-08
-0.029299 3.22141e-08
-0.0292091 3.20497e-08
-0.0291192 3.18811e-08
-0.0290294 3.17184e-08
-0.0289395 3.15533e-08
-0.0288496 3.13814e-08
-0.0287597 3.12117e-08
-0.0286699 3.10454e-08
-0.02858 3.08798e-08
-0.0284901 3.07131e-08
-0.0284002 3.05485e-08
-0.0283104 3.03825e-08
-0.0282205 3.02256e-08
-0.0281306 3.0065e-08
-0.0280407 2.99008e-08
-0.0279509 2.97423e-08
-0.027861 2.95799e-08
-0.0277711 2.94184e-08
-0.0276812 2.92587e-08
-0.0275914 2.91148e-08
-0.0275015 2.89623e-08
-0.0274116 2.87993e-08
-0.0273217 2.86358e-08
-0.0272319 2.84767e-08
-0.027142 2.83125e-08
-0.0270521 2.81648e-08
-0.0269622 2.80095e-08
-0.0268724 2.78492e-08
-0.0267825 2.76995e-08
-0.0266926 2.75331e-08
-0.0266028 2.73781e-08
-0.0265129 2.72085e-08
-0.026423 2.7052e-08
-0.0263331 2.68949e-08
-0.0262433 2.67398e-08
-0.0261534 2.65829e-08
-0.0260635 2.6423e-08
-0.0259736 2.62524e-08
-0.0258838 2.61015e-08
-0.0257939 2.5951e-08
-0.025704 2.58067e-08
-0.0256141 2.56479e-08
-0.0255243 2.54982e-08
-0.0254344 2.53594e-08
-0.0253445 2.52055e-08
-0.0252546 2.5061e-08
-0.0251648 2.49114e-08
-0.0250749 2.47624e-08
-0.024985 2.46189e-08
-0.0248951 2.44747e-08
-0.0248053 2.43268e-08
-0.0247154 2.41763e-08
-0.0246255 2.40268e-08
-0.0245356 2.38767e-08
-0.0244458 2.37222e-08
-0.0243559 2.35698e-08
-0.024266 2.34241e-08
-0.0241761 2.32739e-08
-0.0240863 2.31252e-08
-0.0239964 2.29842e-08
-0.0239065 2.28302e-08
-0.0238167 2.26804e-08
-0.0237268 2.25351e-08
-0.0236369 2.2389e-08
-0.023547 2.22407e-08
-0.0234572 2.20951e-08
-0.0233673 2.19638e-08
-0.0232774 2.18302e-08
-0.0231875 2.16865e-08
-0.0230977 2.15373e-08
-0.0230078 2.13984e-08
-0.0229179 2.12569e-08
-0.022828 2.11171e-08
-0.0227382 2.09767e-08
-0.0226483 2.08391e-08
-0.0225584 2.06938e-08
-0.0224685 2.05471e-08
-0.0223787 2.04101e-08
-0.0222888 2.02804e-08
-0.0221989 2.01437e-08
-0.022109 1.99985e-08
-0.0220192 1.98583e-08
-0.0219293 1.9715e-08
-0.0218394 1.95718e-08
-0.0217495 1.9437e-08
-0.0216597 1.9296e-08
-0.0215698 1.91599e-08
-0.0214799 1.90155e-08
-0.02139 1.88862e-08
-0.0213002 1.87487e-08
-0.0212103 1.86129e-08
-0.0211204 1.84751e-08
-0.0210306 1.834e-08
-0.0209407 1.82059e-08
-0.0208508 1.80687e-08
-0.0207609 1.79272e-08
-0.0206711 1.77869e-08
-0.0205812 1.76552e-08
-0.0204913 1.75148e-08
-0.0204014 1.73869e-08
-0.0203116 1.72532e-08
-0.0202217 1.71296e-08
-0.0201318 1.69993e-08
-0.0200419 1.6861e-08
-0.0199521 1.67281e-08
-0.0198622 1.65986e-08
-0.0197723 1.6471e-08
-0.0196824 1.63516e-08
-0.0195926 1.62198e-08
-0.0195027 1.60824e-08
-0.0194128 1.59474e-08
-0.0193229 1.58198e-08
-0.0192331 1.56923e-08
-0.0191432 1.55472e-08
-0.0190533 1.54129e-08
-0.0189634 1.52787e-08
-0.0188736 1.51465e-08
-0.0187837 1.50206e-08
-0.0186938 1.48921e-08
-0.018604 1.47501e-08
-0.0185141 1.46242e-08
-0.0184242 1.44928e-08
-0.0183343 1.43672e-08
-0.0182445 1.42406e-08
-0.0181546 1.41247e-08
-0.0180647 1.40049e-08
-0.0179748 1.38729e-08
-0.017885 1.37506e-08
-0.0177951 1.36248e-08
-0.0177052 1.34994e-08
-0.0176153 1.33791e-08
-0.0175255 1.3266e-08
-0.0174356 1.31346e-08
-0.0173457 1.30121e-08
-0.0172558 1.28839e-08
-0.017166 1.2762e-08
-0.0170761 1.26301e-08
-0.0169862 1.25005e-08
-0.0168963 1.23795e-08
-0.0168065 1.22585e-08
-0.0167166 1.21316e-08
-0.0166267 1.20098e-08
-0.0165368 1.18765e-08
-0.016447 1.17582e-08
-0.0163571 1.1637e-08
-0.0162672 1.15171e-08
-0.0161773 1.13963e-08
-0.0160875 1.12788e-08
-0.0159976 1.11708e-08
-0.0159077 1.10546e-08
-0.0158179 1.09363e-08
-0.015728 1.08181e-08
-0.0156381 1.06963e-08
-0.0155482 1.05798e-08
-0.0154584 1.04673e-08
-0.0153685 1.03561e-08
-0.0152786 1.02367e-08
-0.0151887 1.01186e-08
-0.0150989 1.00039e-08
-0.015009 9.88565e-09
-0.0149191 9.76597e-09
-0.0148292 9.65082e-09
-0.0147394 9.53809e-09
-0.0146495 9.42665e-09
-0.0145596 9.31436e-09
-0.0144697 9.2006e-09
-0.0143799 9.08298e-09
-0.01429 8.97676e-09
-0.0142001 8.861e-09
-0.0141102 8.75543e-09
-0.0140204 8.64329e-09
-0.0139305 8.53419e-09
-0.0138406 8.43225e-09
-0.0137507 8.32833e-09
-0.0136609 8.22245e-09
-0.013571 8.11918e-09
-0.0134811 8.01714e-09
-0.0133912 7.9171e-09
-0.0133014 7.81264e-09
-0.0132115 7.7137e-09
-0.0131216 7.61062e-09
-0.0130318 7.50952e-09
-0.0129419 7.40688e-09
-0.012852 7.30234e-09
-0.0127621 7.20686e-09
-0.0126723 7.11139e-09
-0.0125824 7.00925e-09
-0.0124925 6.91419e-09
-0.0124026 6.81709e-09
-0.0123128 6.72301e-09
-0.0122229 6.62084e-09
-0.012133 6.53476e-09
-0.0120431 6.43545e-09
-0.0119533 6.33945e-09
-0.0118634 6.24826e-09
-0.0117735 6.14593e-09
-0.0116836 6.05776e-09
-0.0115938 5.96861e-09
-0.0115039 5.8767e-09
-0.011414 5.79213e-09
-0.0113241 5.70589e-09
-0.0112343 5.61141e-09
-0.0111444 5.52545e-09
-0.0110545 5.43786e-09
-0.0109646 5.34631e-09
-0.0108748 5.26302e-09
-0.0107849 5.17491e-09
-0.010695 5.08235e-09
-0.0106052 5.00021e-09
-0.0105153 4.91812e-09
-0.0104254 4.83591e-09
-0.0103355 4.75456e-09
-0.0102457 4.67686e-09
-0.0101558 4.60088e-09
-0.0100659 4.5202e-09
-0.00997603 4.43543e-09
-0.00988616 4.35676e-09
-0.00979628 4.28685e-09
-0.00970641 4.19104e-09
-0.00961653 4.11194e-09
-0.00952666 4.03609e-09
-0.00943679 3.958e-09
-0.00934691 3.87755e-09
-0.00925704 3.79874e-09
-0.00916716 3.71948e-09
-0.00907729 3.64915e-09
-0.00898742 3.58158e-09
-0.00889754 3.5048e-09
-0.00880767 3.44458e-09
-0.00871779 3.37455e-09
-0.00862792 3.31291e-09
-0.00853805 3.24802e-09
-0.00844817 3.17835e-09
-0.0083583 3.1066e-09
-0.00826842 3.03369e-09
-0.00817855 2.9642e-09
-0.00808867 2.90455e-09
-0.0079988 2.8372e-09
-0.00790893 2.77785e-09
-0.00781905 2.71123e-09
-0.00772918 2.6538e-09
-0.0076393 2.5853e-09
-0.00754943 2.52256e-09
-0.00745956 2.46687e-09
-0.00736968 2.40914e-09
-0.00727981 2.34571e-09
-0.00718993 2.28829e-09
-0.00710006 2.22282e-09
-0.00701018 2.15317e-09
-0.00692031 2.09699e-09
-0.00683044 2.04221e-09
-0.00674056 1.9947e-09
-0.00665069 1.93478e-09
-0.00656081 1.89458e-09
-0.00647094 1.84979e-09
-0.00638107 1.7941e-09
-0.00629119 1.74923e-09
-0.00620132 1.6986e-09
-0.00611144 1.64853e-09
-0.00602157 1.61113e-09
-0.00593169 1.56084e-09
-0.00584182 1.50385e-09
-0.00575195 1.46217e-09
-0.00566207 1.41533e-09
-0.0055722 1.37469e-09
-0.00548232 1.32019e-09
-0.00539245 1.27452e-09
-0.00530258 1.22715e-09
-0.0052127 1.19151e-09
-0.00512283 1.15114e-09
-0.00503295 1.10954e-09
-0.00494308 1.05473e-09
-0.0048532 1.01266e-09
-0.00476333 9.7291e-10
-0.00467346 9.34222e-10
-0.00458358 8.9509e-10
-0.00449371 8.70316e-10
-0.00440383 8.46618e-10
-0.00431396 8.11956e-10
-0.00422409 7.76817e-10
-0.00413421 7.50299e-10
-0.00404434 7.23454e-10
-0.00395446 6.98652e-10
-0.00386459 6.74424e-10
-0.00377471 6.3887e-10
-0.00368484 6.10498e-10
-0.00359497 5.72871e-10
-0.00350509 5.47065e-10
-0.00341522 5.09822e-10
-0.00332534 4.71488e-10
-0.00323547 4.43106e-10
-0.0031456 4.14883e-10
-0.00305572 3.88178e-10
-0.00296585 3.7326e-10
-0.00287597 3.44626e-10
-0.0027861 3.23854e-10
-0.00269622 3.07036e-10
-0.00260635 2.85229e-10
-0.00251648 2.71362e-10
-0.0024266 2.48666e-10
-0.00233673 2.4327e-10
-0.00224685 2.17693e-10
-0.00215698 1.94191e-10
-0.00206711 1.71021e-10
-0.00197723 1.50585e-10
-0.00188736 1.36091e-10
-0.00179748 1.42594e-10
-0.00170761 1.36752e-10
-0.00161773 1.19977e-10
-0.00152786 1.17368e-10
-0.00143799 1.08082e-10
-0.00134811 9.85843e-11
-0.00125824 7.31293e-11
-0.00116836 6.20131e-11
-0.00107849 4.25298e-11
-0.000988616 2.86989e-11
-0.000898742 2.13372e-11
-0.000808867 7.16518e-12
-0.000718993 -9.80651e-12
-0.000629119 -1.34624e-11
-0.000539245 -2.16106e-11
-0.000449371 -1.32008e-11
-0.000359497 -1.6178e-11
-0.000269622 -3.21974e-12
-0.000179748 7.76791e-12
-8.98742e-05 6.61056e-12
0 0
8.98742e-05 8.69197e-12
0.000179748 7.17132e-12
0.000269622 1.46027e-11
0.000359497 1.89563e-11
0.000449371 1.47224e-11
0.000539245 1.24704e-11
0.000629119 1.45192e-11
0.000718993 2.54242e-11
0.000808867 1.57346e-11
0.000898742 2.22491e-11
0.000988616 3.03237e-11
0.00107849 4.27405e-11
0.00116836 6.02458e-11
0.00125824 7.28389e-11
0.00134811 7.14927e-11
0.00143799 7.65358e-11
0.00152786 8.71783e-11
0.00161773 8.85516e-11
0.00170761 1.06111e-10
0.00179748 1.12336e-10
0.00188736 1.33765e-10
0.00197723 1.47927e-10
0.00206711 1.69874e-10
0.00215698 1.94291e-10
0.00224685 2.1808e-10
0.00233673 2.48307e-10
0.0024266 2.8164e-10
0.00251648 2.98877e-10
0.00260635 3.17782e-10
0.00269622 3.3501e-10
0.0027861 3.57663e-10
0.00287597 3.65833e-10
0.00296585 3.73447e-10
0.00305572 3.91451e-10
0.0031456 4.15943e-10
0.00323547 4.4232e-10
0.00332534 4.72711e-10
0.00341522 4.96699e-10
0.00350509 5.13475e-10
0.00359497 5.47283e-10
0.00368484 5.7787e-10
0.00377471 6.12782e-10
0.00386459 6.40052e-10
0.00395446 6.874e-10
0.00404434 7.22325e-10
0.00413421 7.4753e-10
0.00422409 7.75633e-10
0.00431396 8.12965e-10
0.00440383 8.4521e-10
0.00449371 8.92043e-10
0.00458358 9.24674e-10
0.00467346 9.60271e-10
0.00476333 1.00234e-09
0.0048532 1.03925e-09
0.00494308 1.08474e-09
0.00503295 1.11323e-09
0.00512283 1.15394e-09
0.0052127 1.19342e-09
0.00530258 1.22804e-09
0.00539245 1.27436e-09
0.00548232 1.31873e-09
0.0055722 1.34741e-09
0.00566207 1.3914e-09
0.00575195 1.43508e-09
0.00584182 1.47944e-09
0.00593169 1.53269e-09
0.00602157 1.58977e-09
0.00611144 1.64812e-09
0.00620132 1.69501e-09
0.00629119 1.74768e-09
0.00638107 1.79382e-09
0.00647094 1.84822e-09
0.00656081 1.90164e-09
0.00665069 1.96208e-09
0.00674056 2.01415e-09
0.00683044 2.06824e-09
0.00692031 2.11697e-09
0.00701018 2.18105e-09
0.00710006 2.23419e-09
0.00718993 2.28907e-09
0.00727981 2.34891e-09
0.00736968 2.41093e-09
0.00745956 2.46688e-09
0.00754943 2.52547e-09
0.0076393 2.57231e-09
0.00772918 2.63171e-09
0.00781905 2.69409e-09
0.00790893 2.75622e-09
0.0079988 2.81956e-09
0.00808867 2.88092e-09
0.00817855 2.96034e-09
0.00826842 3.03111e-09
0.0083583 3.10402e-09
0.00844817 3.17621e-09
0.00853805 3.24711e-09
0.00862792 3.31034e-09
0.00871779 3.3903e-09
0.00880767 3.45906e-09
0.00889754 3.5203e-09
0.00898742 3.59664e-09
0.00907729 3.66565e-09
0.00916716 3.73536e-09
0.00925704 3.7995e-09
0.00934691 3.8814e-09
0.00943679 3.96063e-09
0.00952666 4.03849e-09
0.00961653 4.11481e-09
0.00970641 4.19172e-09
0.00979628 4.27356e-09
0.00988616 4.34917e-09
0.00997603 4.4231e-09
0.0100659 4.51148e-09
0.0101558 4.58654e-09
0.0102457 4.66906e-09
0.0103355 4.75301e-09
0.0104254 4.83168e-09
0.0105153 4.9145e-09
0.0106052 4.99726e-09
0.010695 5.0773e-09
0.0107849 5.17537e-09
0.0108748 5.26912e-09
0.0109646 5.34873e-09
0.0110545 5.44429e-09
0.0111444 5.5293e-09
0.0112343 5.62078e-09
0.0113241 5.70856e-09
0.011414 5.79571e-09
0.0115039 5.881e-09
0.0115938 5.97337e-09
0.0116836 6.0618e-09
0.0117735 6.15232e-09
0.0118634 6.25002e-09
0.0119533 6.34197e-09
0.0120431 6.43756e-09
0.012133 6.53554e-09
0.0122229 6.62117e-09
0.0123128 6.72006e-09
0.0124026 6.81526e-09
0.0124925 6.90923e-09
0.0125824 7.00434e-09
0.0126723 7.10562e-09
0.0127621 7.2014e-09
0.012852 7.29448e-09
0.0129419 7.39855e-09
0.0130318 7.49956e-09
0.0131216 7.60266e-09
0.0132115 7.70616e-09
0.0133014 7.80683e-09
0.0133912 7.91522e-09
0.0134811 8.02057e-09
0.013571 8.12426e-09
0.0136609 8.22819e-09
0.0137507 8.33474e-09
0.0138406 8.43862e-09
0.0139305 8.5457e-09
0.0140204 8.66018e-09
0.0141102 8.77114e-09
0.0142001 8.87604e-09
0.01429 8.99001e-09
0.0143799 9.09563e-09
0.0144697 9.20321e-09
0.0145596 9.30981e-09
0.0146495 9.42189e-09
0.0147394 9.53198e-09
0.0148292 9.64419e-09
0.0149191 9.75914e-09
0.015009 9.8668e-09
0.0150989 9.98012e-09
0.0151887 1.00972e-08
0.0152786 1.02154e-08
0.0153685 1.03367e-08
0.0154584 1.04493e-08
0.0155482 1.05797e-08
0.0156381 1.07001e-08
0.015728 1.08224e-08
0.0158179 1.09422e-08
0.0159077 1.10605e-08
0.0159976 1.11797e-08
0.0160875 1.13071e-08
0.0161773 1.14237e-08
0.0162672 1.15452e-08
0.0163571 1.16624e-08
0.016447 1.17852e-08
0.0165368 1.18951e-08
0.0166267 1.20078e-08
0.0167166 1.213e-08
0.0168065 1.22551e-08
0.0168963 1.23745e-08
0.0169862 1.24968e-08
0.0170761 1.26159e-08
0.017166 1.2727e-08
0.0172558 1.28552e-08
0.0173457 1.29786e-08
0.0174356 1.3107e-08
0.0175255 1.32325e-08
0.0176153 1.33655e-08
0.0177052 1.35006e-08
0.0177951 1.36245e-08
0.017885 1.37522e-08
0.0179748 1.38766e-08
0.0180647 1.40064e-08
0.0181546 1.41471e-08
0.0182445 1.42756e-08
0.0183343 1.43971e-08
0.0184242 1.4527e-08
0.0185141 1.46537e-08
0.018604 1.47844e-08
0.0186938 1.48991e-08
0.0187837 1.50228e-08
0.0188736 1.51483e-08
0.0189634 1.52792e-08
0.0190533 1.54117e-08
0.0191432 1.55459e-08
0.0192331 1.56643e-08
0.0193229 1.57913e-08
0.0194128 1.59177e-08
0.0195027 1.60534e-08
0.0195926 1.61894e-08
0.0196824 1.63246e-08
0.0197723 1.64676e-08
0.0198622 1.65933e-08
0.0199521 1.67248e-08
0.0200419 1.68589e-08
0.0201318 1.69971e-08
0.0202217 1.7133e-08
0.0203116 1.72781e-08
0.0204014 1.74056e-08
0.0204913 1.75395e-08
0.0205812 1.76751e-08
0.0206711 1.78131e-08
0.0207609 1.79422e-08
0.0208508 1.80725e-08
0.0209407 1.8212e-08
0.0210306 1.83449e-08
0.0211204 1.84784e-08
0.0212103 1.8618e-08
0.0213002 1.87449e-08
0.02139 1.88739e-08
0.0214799 1.90074e-08
0.0215698 1.91473e-08
0.0216597 1.92869e-08
0.0217495 1.94226e-08
0.0218394 1.95663e-08
0.0219293 1.97098e-08
0.0220192 1.98528e-08
0.022109 1.99928e-08
0.0221989 2.01391e-08
0.0222888 2.02736e-08
0.0223787 2.04067e-08
0.0224685 2.05424e-08
0.0225584 2.06895e-08
0.0226483 2.08354e-08
0.0227382 2.09727e-08
0.022828 2.11159e-08
0.0229179 2.12585e-08
0.0230078 2.14027e-08
0.0230977 2.15416e-08
0.0231875 2.16919e-08
0.0232774 2.18355e-08
0.0233673 2.19732e-08
0.0234572 2.21133e-08
0.023547 2.22598e-08
0.0236369 2.24085e-08
0.0237268 2.25538e-08
0.0238167 2.27003e-08
0.0239065 2.28421e-08
0.0239964 2.29832e-08
0.0240863 2.31241e-08
0.0241761 2.32712e-08
0.024266 2.34196e-08
0.0243559 2.35656e-08
0.0244458 2.37055e-08
0.0245356 2.38439e-08
0.0246255 2.39979e-08
0.0247154 2.41431e-08
0.0248053 2.42975e-08
0.0248951 2.44405e-08
0.024985 2.4606e-08
0.0250749 2.47611e-08
0.0251648 2.49092e-08
0.0252546 2.50611e-08
0.0253445 2.52082e-08
0.0254344 2.53614e-08
0.0255243 2.55253e-08
0.0256141 2.56851e-08
0.025704 2.5841e-08
0.0257939 2.5989e-08
0.0258838 2.61372e-08
0.0259736 2.62907e-08
0.0260635 2.64316e-08
0.0261534 2.6589e-08
0.0262433 2.67448e-08
0.0263331 2.6898e-08
0.026423 2.70534e-08
0.0265129 2.72073e-08
0.0266028 2.73468e-08
0.0266926 2.75042e-08
0.0267825 2.76662e-08
0.0268724 2.78182e-08
0.0269622 2.79737e-08
0.0270521 2.81358e-08
0.027142 2.83058e-08
0.0272319 2.84665e-08
0.0273217 2.86276e-08
0.0274116 2.87928e-08
0.0275015 2.89547e-08
0.0275914 2.91154e-08
0.0276812 2.92789e-08
0.0277711 2.94318e-08
0.027861 2.96008e-08
0.0279509 2.97587e-08
0.0280407 2.99257e-08
0.0281306 3.00792e-08
0.0282205 3.02345e-08
0.0283104 3.03941e-08
0.0284002 3.05599e-08
0.0284901 3.07234e-08
0.02858 3.08926e-08
0.0286699 3.10521e-08
0.0287597 3.12154e-08
0.0288496 3.13865e-08
0.0289395 3.15545e-08
0.0290294 3.17201e-08
0.0291192 3.18772e-08
0.0292091 3.20446e-08
0.029299 3.22042e-08
0.0293888 3.2369e-08
0.0294787 3.25382e-08
0.0295686 3.27044e-08
0.0296585 3.28762e-08
0.0297483 3.30362e-08
0.0298382 3.32073e-08
0.0299281 3.3382e-08
0.030018 3.35558e-08
0.0301078 3.37175e-08
0.0301977 3.3894e-08
0.0302876 3.40797e-08
0.0303775 3.42538e-08
0.0304673 3.44357e-08
0.0305572 3.46106e-08
0.0306471 3.47876e-08
0.030737 3.49745e-08
0.0308268 3.51631e-08
0.0309167 3.53366e-08
0.0310066 3.55171e-08
0.0310965 3.56882e-08
0.0311863 3.5857e-08
0.0312762 3.60246e-08
0.0313661 3.61875e-08
0.031456 3.63745e-08
0.0315458 3.65663e-08
0.0316357 3.67484e-08
0.0317256 3.69302e-08
0.0318155 3.71073e-08
0.0319053 3.72872e-08
0.0319952 3.74791e-08
0.0320851 3.76674e-08
0.0321749 3.78523e-08
0.0322648 3.80269e-08
0.0323547 3.82257e-08
0.0324446 3.84167e-08
0.0325344 3.86191e-08
0.0326243 3.88106e-08
0.0327142 3.89973e-08
0.0328041 3.91796e-08
0.0328939 3.93848e-08
0.0329838 3.9584e-08
0.0330737 3.97763e-08
0.0331636 3.99743e-08
0.0332534 4.01624e-08
0.0333433 4.03443e-08
0.0334332 4.05281e-08
0.0335231 4.07284e-08
0.0336129 4.093e-08
0.0337028 4.11225e-08
0.0337927 4.1313e-08
0.0338826 4.15022e-08
0.0339724 4.16886e-08
0.0340623 4.18819e-08
0.0341522 4.20669e-08
0.0342421 4.22654e-08
0.0343319 4.24572e-08
0.0344218 4.26436e-08
0.0345117 4.28465e-08
0.0346016 4.30421e-08
0.0346914 4.32504e-08
0.0347813 4.34496e-08
0.0348712 4.36419e-08
0.034961 4.38402e-08
0.0350509 4.40339e-08
0.0351408 4.42342e-08
0.0352307 4.44339e-08
0.0353205 4.46415e-08
0.0354104 4.48461e-08
0.0355003 4.50625e-08
0.0355902 4.52674e-08
0.03568 4.54721e-08
0.0357699 4.56798e-08
0.0358598 4.58808e-08
0.0359497 4.60822e-08
0.0360395 4.63013e-08
0.0361294 4.65113e-08
0.0362193 4.67148e-08
0.0363092 4.69201e-08
0.036399 4.71246e-08
0.0364889 4.73359e-08
0.0365788 4.75281e-08
0.0366687 4.77287e-08
0.0367585 4.79348e-08
0.0368484 4.81395e-08
0.0369383 4.83508e-08
0.0370282 4.85568e-08
0.037118 4.87496e-08
0.0372079 4.89646e-08
0.0372978 4.91714e-08
0.0373876 4.93875e-08
0.0374775 4.96067e-08
0.0375674 4.98286e-08
0.0376573 5.00585e-08
0.0377471 5.02689e-08
0.037837 5.048e-08
0.0379269 5.06966e-08
0.0380168 5.09107e-08
0.0381066 5.11289e-08
0.0381965 5.13521e-08
0.0382864 5.15649e-08
0.0383763 5.17827e-08
0.0384661 5.19882e-08
0.038556 5.22099e-08
0.0386459 5.24163e-08
0.0387358 5.26275e-08
0.0388256 5.28459e-08
0.0389155 5.30702e-08
0.0390054 5.32866e-08
0.0390953 5.35097e-08
0.0391851 5.3728e-08
0.039275 5.39529e-08
0.0393649 5.41732e-08
0.0394548 5.43875e-08
0.0395446 5.45961e-08
0.0396345 5.48104e-08
0.0397244 5.50137e-08
0.0398143 5.52248e-08
0.0399041 5.54447e-08
0.039994 5.56656e-08
0.0400839 5.58898e-08
0.0401737 5.61202e-08
0.0402636 5.63351e-08
0.0403535 5.65765e-08
0.0404434 5.6811e-08
0.0405332 5.70402e-08
0.0406231 5.72652e-08
0.040713 5.74944e-08
0.0408029 5.77371e-08
0.0408927 5.79614e-08
0.0409826 5.81847e-08
0.0410725 5.8404e-08
0.0411624 5.86198e-08
0.0412522 5.88522e-08
0.0413421 5.90965e-08
0.041432 5.9332e-08
0.0415219 5.95698e-08
0.0416117 5.97994e-08
0.0417016 6.00406e-08
0.0417915 6.02672e-08
0.0418814 6.04873e-08
0.0419712 6.07184e-08
0.0420611 6.09492e-08
0.042151 6.11707e-08
0.0422409 6.13935e-08
0.0423307 6.1619e-08
0.0424206 6.18467e-08
0.0425105 6.20904e-08
0.0426004 6.23257e-08
0.0426902 6.25707e-08
0.0427801 6.28107e-08
0.04287 6.3049e-08
0.0429598 6.32854e-08
0.0430497 6.35275e-08
0.0431396 6.37672e-08
0.0432295 6.40078e-08
0.0433193 6.42485e-08
0.0434092 6.44846e-08
0.0434991 6.47316e-08
0.043589 6.49749e-08
0.0436788 6.52131e-08
0.0437687 6.54611e-08
0.0438586 6.57067e-08
0.0439485 6.59556e-08
0.0440383 6.62137e-08
0.0441282 6.6467e-08
0.0442181 6.67049e-08
0.044308 6.69498e-08
0.0443978 6.71962e-08
0.0444877 6.74533e-08
0.0445776 6.76935e-08
0.0446675 6.79366e-08
0.0447573 6.8181e-08
0.0448472 6.84261e-08
0.0449371 6.86669e-08
0.045027 6.89016e-08
0.0451168 6.9158e-08
0.0452067 6.94018e-08
0.0452966 6.96458e-08
0.0453865 6.98936e-08
0.0454763 7.01291e-08
0.0455662 7.03625e-08
0.0456561 7.06019e-08
0.0457459 7.08484e-08
0.0458358 7.10994e-08
0.0459257 7.13408e-08
0.0460156 7.16071e-08
0.0461054 7.18635e-08
0.0461953 7.21083e-08
0.0462852 7.23578e-08
0.0463751 7.26188e-08
0.0464649 7.2871e-08
0.0465548 7.31356e-08
0.0466447 7.33966e-08
0.0467346 7.3642e-08
0.0468244 7.39041e-08
0.0469143 7.41611e-08
0.0470042 7.44185e-08
0.0470941 7.46833e-08
0.0471839 7.49439e-08
0.0472738 7.52045e-08
0.0473637 7.54697e-08
0.0474536 7.57281e-08
0.0475434 7.59918e-08
0.0476333 7.62723e-08
0.0477232 7.65376e-08
0.0478131 7.68023e-08
0.0479029 7.70628e-08
0.0479928 7.73213e-08
0.0480827 7.75626e-08
0.0481725 7.78061e-08
0.0482624 7.80673e-08
0.0483523 7.83197e-08
0.0484422 7.85867e-08
0.048532 7.88392e-08
0.0486219 7.90993e-08
0.0487118 7.93442e-08
0.0488017 7.96181e-08
0.0488915 7.98876e-08
0.0489814 8.01604e-08
0.0490713 8.04259e-08
0.0491612 8.07078e-08
0.049251 8.09832e-08
0.0493409 8.12378e-08
0.0494308 8.14921e-08
0.0495207 8.17596e-08
0.0496105 8.20209e-08
0.0497004 8.23037e-08
0.0497903 8.25825e-08
0.0498802 8.28503e-08
0.04997 8.31272e-08
0.0500599 8.34051e-08
0.0501498 8.36861e-08
0.0502397 8.39737e-08
0.0503295 8.42546e-08
0.0504194 8.45234e-08
0.0505093 8.47916e-08
0.0505992 8.50561e-08
0.050689 8.53109e-08
0.0507789 8.55873e-08
0.0508688 8.585e-08
0.0509586 8.61147e-08
0.0510485 8.63803e-08
0.0511384 8.66418e-08
0.0512283 8.68993e-08
0.0513181 8.71638e-08
0.051408 8.74478e-08
0.0514979 8.77117e-08
0.0515878 8.79861e-08
0.0516776 8.82512e-08
0.0517675 8.85178e-08
0.0518574 8.87782e-08
0.0519473 8.90659e-08
0.0520371 8.93353e-08
0.052127 8.96071e-08
0.0522169 8.98746e-08
0.0523068 9.01673e-08
0.0523966 9.04761e-08
0.0524865 9.07701e-08
0.0525764 9.10632e-08
0.0526663 9.13579e-08
0.0527561 9.16448e-08
0.052846 9.19459e-08
0.0529359 9.22471e-08
0.0530258 9.25352e-08
0.0531156 9.28333e-08
0.0532055 9.31213e-08
0.0532954 9.34149e-08
0.0533853 9.37053e-08
0.0534751 9.40085e-08
0.053565 9.43066e-08
0.0536549 9.45911e-08
0.0537447 9.48836e-08
0.0538346 9.51679e-08
0.0539245 9.54645e-08
0.0540144 9.57496e-08
0.0541042 9.60315e-08
0.0541941 9.63177e-08
0.054284 9.66022e-08
0.0543739 9.68892e-08
0.0544637 9.71598e-08
0.0545536 9.74486e-08
0.0546435 9.77327e-08
0.0547334 9.80194e-08
0.0548232 9.8313e-08
0.0549131 9.85931e-08
0.055003 9.88664e-08
0.0550929 9.91641e-08
0.0551827 9.94553e-08
0.0552726 9.97549e-08
0.0553625 1.00054e-07
0.0554524 1.00356e-07
0.0555422 1.00667e-07
0.0556321 1.00963e-07
0.055722 1.01267e-07
0.0558119 1.01575e-07
0.0559017 1.01891e-07
0.0559916 1.02207e-07
0.0560815 1.02526e-07
0.0561713 1.02824e-07
0.0562612 1.03135e-07
0.0563511 1.03426e-07
0.056441 1.03732e-07
0.0565308 1.04025e-07
0.0566207 1.04333e-07
0.0567106 1.04626e-07
0.0568005 1.04915e-07
0.0568903 1.05214e-07
0.0569802 1.05508e-07
0.0570701 1.05816e-07
0.05716 1.06116e-07
0.0572498 1.06407e-07
0.0573397 1.06696e-07
0.0574296 1.06971e-07
0.0575195 1.07264e-07
0.0576093 1.07536e-07
0.0576992 1.0783e-07
0.0577891 1.08133e-07
0.057879 1.0843e-07
0.0579688 1.0873e-07
0.0580587 1.09026e-07
0.0581486 1.09312e-07
0.0582385 1.0963e-07
0.0583283 1.09938e-07
0.0584182 1.10249e-07
0.0585081 1.10556e-07
0.058598 1.1087e-07
0.0586878 1.11193e-07
0.0587777 1.11509e-07
0.0588676 1.11831e-07
0.0589574 1.12145e-07
0.0590473 1.12458e-07
0.0591372 1.12786e-07
0.0592271 1.13117e-07
0.0593169 1.13435e-07
0.0594068 1.13764e-07
0.0594967 1.14084e-07
0.0595866 1.14409e-07
0.0596764 1.14727e-07
0.0597663 1.15051e-07
0.0598562 1.15372e-07
0.0599461 1.15688e-07
0.0600359 1.16009e-07
0.0601258 1.16331e-07
0.0602157 1.1667e-07
0.0603056 1.16989e-07
0.0603954 1.17281e-07
0.0604853 1.17588e-07
0.0605752 1.17898e-07
0.0606651 1.18214e-07
0.0607549 1.18508e-07
0.0608448 1.18821e-07
0.0609347 1.19134e-07
0.0610246 1.19451e-07
0.0611144 1.19775e-07
0.0612043 1.20103e-07
0.0612942 1.20391e-07
0.0613841 1.20713e-07
0.0614739 1.21032e-07
0.0615638 1.21356e-07
0.0616537 1.21679e-07
0.0617435 1.22001e-07
0.0618334 1.22344e-07
0.0619233 1.22656e-07
0.0620132 1.22975e-07
0.062103 1.23294e-07
0.0621929 1.23628e-07
0.0622828 1.23965e-07
0.0623727 1.24292e-07
0.0624625 1.24622e-07
0.0625524 1.2495e-07
0.0626423 1.25284e-07
0.0627322 1.25603e-07
0.062822 1.25943e-07
0.0629119 1.26304e-07
0.0630018 1.26631e-07
0.0630917 1.26949e-07
0.0631815 1.2728e-07
0.0632714 1.27609e-07
0.0633613 1.27966e-07
0.0634512 1.28313e-07
0.063541 1.2863e-07
0.0636309 1.28963e-07
0.0637208 1.29304e-07
0.0638107 1.29647e-07
0.0639005 1.29955e-07
0.0639904 1.30299e-07
0.0640803 1.30625e-07
0.0641701 1.30963e-07
0.06426 1.31285e-07
0.0643499 1.31624e-07
0.0644398 1.31923e-07
0.0645296 1.32243e-07
0.0646195 1.32573e-07
0.0647094 1.329e-07
0.0647993 1.33232e-07
0.0648891 1.33545e-07
0.064979 1.33876e-07
0.0650689 1.34197e-07
0.0651588 1.3453e-07
0.0652486 1.34851e-07
0.0653385 1.35184e-07
0.0654284 1.3551e-07
0.0655183 1.35818e-07
0.0656081 1.36172e-07
0.065698 1.36494e-07
0.0657879 1.3684e-07
0.0658778 1.37168e-07
0.0659676 1.37512e-07
0.0660575 1.37881e-07
0.0661474 1.38235e-07
0.0662373 1.38594e-07
0.0663271 1.38953e-07
0.066417 1.393e-07
0.0665069 1.3968e-07
0.0665968 1.40062e-07
0.0666866 1.40406e-07
0.0667765 1.40775e-07
0.0668664 1.41145e-07
0.0669562 1.41515e-07
0.0670461 1.41864e-07
0.067136 1.42221e-07
0.0672259 1.42582e-07
0.0673157 1.42939e-07
0.0674056 1.43277e-07
0.0674955 1.43616e-07
0.0675854 1.43987e-07
0.0676752 1.44335e-07
0.0677651 1.44662e-07
0.067855 1.44991e-07
0.0679449 1.45326e-07
0.0680347 1.45658e-07
0.0681246 1.45955e-07
0.0682145 1.46251e-07
0.0683044 1.46559e-07
0.0683942 1.46881e-07
0.0684841 1.47187e-07
0.068574 1.47492e-07
0.0686639 1.4779e-07
0.0687537 1.48145e-07
0.0688436 1.48491e-07
0.0689335 1.48833e-07
0.0690234 1.49197e-07
0.0691132 1.49575e-07
0.0692031 1.49952e-07
0.069293 1.50317e-07
0.0693829 1.50677e-07
0.0694727 1.51039e-07
0.0695626 1.51405e-07
0.0696525 1.51783e-07
0.0697423 1.52163e-07
0.0698322 1.52556e-07
0.0699221 1.52948e-07
0.070012 1.53353e-07
0.0701018 1.53751e-07
0.0701917 1.54169e-07
0.0702816 1.54577e-07
0.0703715 1.54968e-07
0.0704613 1.55366e-07
0.0705512 1.55746e-07
0.0706411 1.56136e-07
0.070731 1.56545e-07
0.0708208 1.5693e-07
0.0709107 1.57294e-07
0.0710006 1.57662e-07
0.0710905 1.5799e-07
0.0711803 1.58343e-07
0.0712702 1.58671e-07
0.0713601 1.58996e-07
0.07145 1.59337e-07
0.0715398 1.59673e-07
0.0716297 1.60004e-07
0.0717196 1.60327e-07
0.0718095 1.6062e-07
0.0718993 1.60937e-07
0.0719892 1.61248e-07
0.0720791 1.61568e-07
0.0721689 1.61889e-07
0.0722588 1.62214e-07
0.0723487 1.62539e-07
0.0724386 1.62884e-07
0.0725284 1.63215e-07
0.0726183 1.63578e-07
0.0727082 1.63936e-07
0.0727981 1.64309e-07
0.0728879 1.64652e-07
0.0729778 1.65059e-07
0.0730677 1.65445e-07
0.0731576 1.65865e-07
0.0732474 1.66256e-07
0.0733373 1.66715e-07
0.0734272 1.67156e-07
0.0735171 1.6758e-07
0.0736069 1.68023e-07
0.0736968 1.68449e-07
0.0737867 1.6887e-07
0.0738766 1.69307e-07
0.0739664 1.69747e-07
0.0740563 1.70162e-07
0.0741462 1.70597e-07
0.0742361 1.70991e-07
0.0743259 1.71387e-07
0.0744158 1.71771e-07
0.0745057 1.72163e-07
0.0745956 1.72504e-07
0.0746854 1.72868e-07
0.0747753 1.73228e-07
0.0748652 1.7357e-07
0.074955 1.73933e-07
0.0750449 1.74281e-07
0.0751348 1.746e-07
0.0752247 1.74915e-07
0.0753145 1.75214e-07
0.0754044 1.75504e-07
0.0754943 1.75763e-07
0.0755842 1.76064e-07
0.075674 1.76389e-07
0.0757639 1.76693e-07
0.0758538 1.77007e-07
0.0759437 1.77333e-07
0.0760335 1.77668e-07
0.0761234 1.78036e-07
0.0762133 1.78404e-07
0.0763032 1.78783e-07
0.076393 1.79187e-07
0.0764829 1.79594e-07
0.0765728 1.80016e-07
0.0766627 1.80462e-07
0.0767525 1.80912e-07
0.0768424 1.81357e-07
0.0769323 1.81826e-07
0.0770222 1.82284e-07
0.077112 1.82747e-07
0.0772019 1.83224e-07
0.0772918 1.83703e-07
0.0773817 1.84192e-07
0.0774715 1.84669e-07
0.0775614 1.85182e-07
0.0776513 1.85668e-07
0.0777411 1.86148e-07
0.077831 1.86583e-07
0.0779209 1.8702e-07
0.0780108 1.87455e-07
0.0781006 1.87873e-07
0.0781905 1.88273e-07
0.0782804 1.88646e-07
0.0783703 1.8902e-07
0.0784601 1.8936e-07
0.07855 1.89693e-07
0.0786399 1.90024e-07
0.0787298 1.90319e-07
0.0788196 1.90611e-07
0.0789095 1.90897e-07
0.0789994 1.91159e-07
0.0790893 1.91444e-07
0.0791791 1.9176e-07
0.079269 1.92044e-07
0.0793589 1.92344e-07
0.0794488 1.9261e-07
0.0795386 1.92914e-07
0.0796285 1.93234e-07
0.0797184 1.93528e-07
0.0798083 1.93896e-07
0.0798981 1.94269e-07
0.079988 1.94659e-07
0.0800779 1.95052e-07
0.0801677 1.95469e-07
0.0802576 1.95854e-07
0.0803475 1.963e-07
0.0804374 1.96749e-07
0.0805272 1.97219e-07
0.0806171 1.97716e-07
0.080707 1.98221e-07
0.0807969 1.98722e-07
0.0808867 1.99301e-07
0.0809766 1.99847e-07
0.0810665 2.00401e-07
0.0811564 2.00953e-07
0.0812462 2.01451e-07
0.0813361 2.01988e-07
0.081426 2.0252e-07
0.0815159 2.0301e-07
0.0816057 2.03493e-07
0.0816956 2.03967e-07
0.0817855 2.04472e-07
0.0818754 2.04913e-07
0.0819652 2.05313e-07
0.0820551 2.05717e-07
0.082145 2.06098e-07
0.0822349 2.0645e-07
0.0823247 2.06827e-07
0.0824146 2.07126e-07
0.0825045 2.07425e-07
0.0825944 2.0773e-07
0.0826842 2.07973e-07
0.0827741 2.08238e-07
0.082864 2.08516e-07
0.0829538 2.08765e-07
0.0830437 2.09028e-07
0.0831336 2.09309e-07
0.0832235 2.09583e-07
0.0833133 2.09873e-07
0.0834032 2.10241e-07
0.0834931 2.1057e-07
0.083583 2.10911e-07
0.0836728 2.11239e-07
0.0837627 2.11611e-07
0.0838526 2.11962e-07
0.0839425 2.12345e-07
0.0840323 2.1278e-07
0.0841222 2.13245e-07
0.0842121 2.13732e-07
0.084302 2.14221e-07
0.0843918 2.14708e-07
0.0844817 2.15209e-07
0.0845716 2.15746e-07
0.0846615 2.16317e-07
0.0847513 2.169e-07
0.0848412 2.17472e-07
0.0849311 2.18043e-07
0.085021 2.18603e-07
0.0851108 2.19176e-07
0.0852007 2.19771e-07
0.0852906 2.20325e-07
0.0853805 2.20877e-07
0.0854703 2.21343e-07
0.0855602 2.21852e-07
0.0856501 2.2237e-07
0.0857399 2.22842e-07
0.0858298 2.23306e-07
0.0859197 2.23751e-07
0.0860096 2.24199e-07
0.0860994 2.24586e-07
0.0861893 2.24967e-07
0.0862792 2.25306e-07
0.0863691 2.2563e-07
0.0864589 2.25943e-07
0.0865488 2.26251e-07
0.0866387 2.26541e-07
0.0867286 2.2682e-07
0.0868184 2.27093e-07
0.0869083 2.27371e-07
0.0869982 2.27641e-07
0.0870881 2.27937e-07
0.0871779 2.28199e-07
0.0872678 2.28489e-07
0.0873577 2.28796e-07
0.0874476 2.2911e-07
0.0875374 2.29481e-07
0.0876273 2.2987e-07
0.0877172 2.30209e-07
0.0878071 2.30601e-07
0.0878969 2.31001e-07
0.0879868 2.31438e-07
0.0880767 2.31878e-07
0.0881665 2.32368e-07
0.0882564 2.32861e-07
0.0883463 2.3338e-07
0.0884362 2.33909e-07
0.088526 2.34473e-07
0.0886159 2.35049e-07
0.0887058 2.35683e-07
0.0887957 2.36293e-07
0.0888855 2.36891e-07
0.0889754 2.37478e-07
0.0890653 2.38073e-07
0.0891552 2.38631e-07
0.089245 2.3926e-07
0.0893349 2.39881e-07
0.0894248 2.40492e-07
0.0895147 2.41055e-07
0.0896045 2.41555e-07
0.0896944 2.41993e-07
0.0897843 2.42481e-07
0.0898742 2.42939e-07
0.089964 2.43407e-07
0.0900539 2.43813e-07
0.0901438 2.44184e-07
0.0902337 2.44529e-07
0.0903235 2.44878e-07
0.0904134 2.45212e-07
0.0905033 2.45516e-07
0.0905932 2.45812e-07
0.090683 2.46105e-07
0.0907729 2.46404e-07
0.0908628 2.46736e-07
0.0909526 2.47037e-07
0.0910425 2.47373e-07
0.0911324 2.47713e-07
0.0912223 2.48094e-07
0.0913121 2.4845e-07
0.091402 2.48765e-07
0.0914919 2.49107e-07
0.0915818 2.49476e-07
0.0916716 2.49836e-07
0.0917615 2.50208e-07
0.0918514 2.50581e-07
0.0919413 2.50983e-07
0.0920311 2.51422e-07
0.092121 2.51869e-07
0.0922109 2.52345e-07
0.0923008 2.52853e-07
0.0923906 2.53396e-07
0.0924805 2.53964e-07
0.0925704 2.5448e-07
0.0926603 2.55015e-07
0.0927501 2.55606e-07
0.09284 2.56283e-07
0.0929299 2.56892e-07
0.0930198 2.57521e-07
0.0931096 2.58133e-07
0.0931995 2.58754e-07
0.0932894 2.59389e-07
0.0933793 2.59997e-07
0.0934691 2.60628e-07
0.093559 2.61217e-07
0.0936489 2.61765e-07
0.0937387 2.62305e-07
0.0938286 2.62892e-07
0.0939185 2.63424e-07
0.0940084 2.63916e-07
0.0940982 2.64396e-07
0.0941881 2.64843e-07
0.094278 2.65275e-07
0.0943679 2.65638e-07
0.0944577 2.65995e-07
0.0945476 2.66402e-07
0.0946375 2.66804e-07
0.0947274 2.67159e-07
0.0948172 2.6752e-07
0.0949071 2.67812e-07
0.094997 2.68105e-07
0.0950869 2.68434e-07
0.0951767 2.68735e-07
0.0952666 2.69021e-07
0.0953565 2.6931e-07
0.0954464 2.696e-07
0.0955362 2.69916e-07
0.0956261 2.70231e-07
0.095716 2.70589e-07
0.0958059 2.70962e-07
0.0958957 2.71388e-07
0.0959856 2.71736e-07
0.0960755 2.72176e-07
0.0961653 2.72691e-07
0.0962552 2.73204e-07
0.0963451 2.73726e-07
0.096435 2.74276e-07
0.0965248 2.74923e-07
0.0966147 2.75468e-07
0.0967046 2.76044e-07
0.0967945 2.76647e-07
0.0968843 2.7721e-07
0.0969742 2.77781e-07
0.0970641 2.78443e-07
0.097154 2.79044e-07
0.0972438 2.7973e-07
0.0973337 2.80369e-07
0.0974236 2.81025e-07
0.0975135 2.8163e-07
0.0976033 2.82271e-07
0.0976932 2.82911e-07
0.0977831 2.83501e-07
0.097873 2.84085e-07
0.0979628 2.8466e-07
0.0980527 2.85258e-07
0.0981426 2.85852e-07
0.0982325 2.86341e-07
0.0983223 2.8685e-07
0.0984122 2.87288e-07
0.0985021 2.87714e-07
0.098592 2.88147e-07
0.0986818 2.88571e-07
0.0987717 2.88981e-07
0.0988616 2.89355e-07
0.0989514 2.89736e-07
0.0990413 2.90066e-07
0.0991312 2.90447e-07
0.0992211 2.90799e-07
0.0993109 2.91128e-07
0.0994008 2.91464e-07
0.0994907 2.91774e-07
0.0995806 2.92101e-07
0.0996704 2.92367e-07
0.0997603 2.92711e-07
0.0998502 2.93047e-07
0.0999401 2.934e-07
0.10003 2.93799e-07
0.10012 2.94232e-07
0.10021 2.94583e-07
0.1003 2.95052e-07
0.100389 2.95492e-07
0.100479 2.95987e-07
0.100569 2.96521e-07
0.100659 2.97067e-07
0.100749 2.97548e-07
0.100839 2.98141e-07
0.100929 2.98775e-07
0.101019 2.99374e-07
0.101108 3.00054e-07
0.101198 3.00672e-07
0.101288 3.01242e-07
0.101378 3.01915e-07
0.101468 3.02586e-07
0.101558 3.03291e-07
0.101648 3.03948e-07
0.101738 3.04773e-07
0.101827 3.05501e-07
0.101917 3.06216e-07
0.102007 3.06952e-07
0.102097 3.07667e-07
0.102187 3.08316e-07
0.102277 3.08972e-07
0.102367 3.0959e-07
0.102457 3.10127e-07
0.102546 3.10684e-07
0.102636 3.11238e-07
0.102726 3.11725e-07
0.102816 3.12251e-07
0.102906 3.12708e-07
0.102996 3.13056e-07
0.103086 3.13506e-07
0.103176 3.13813e-07
0.103265 3.1417e-07
0.103355 3.14582e-07
0.103445 3.14905e-07
0.103535 3.15254e-07
0.103625 3.15593e-07
0.103715 3.15941e-07
0.103805 3.1629e-07
0.103895 3.1667e-07
0.103984 3.17043e-07
0.104074 3.17409e-07
0.104164 3.17726e-07
0.104254 3.18117e-07
0.104344 3.18497e-07
0.104434 3.18975e-07
0.104524 3.19364e-07
0.104614 3.19803e-07
0.104703 3.20202e-07
0.104793 3.20603e-07
0.104883 3.20947e-07
0.104973 3.21346e-07
0.105063 3.21821e-07
0.105153 3.22308e-07
0.105243 3.22827e-07
0.105333 3.23368e-07
0.105422 3.24009e-07
0.105512 3.24682e-07
0.105602 3.25402e-07
0.105692 3.26146e-07
0.105782 3.26915e-07
0.105872 3.2772e-07
0.105962 3.28497e-07
0.106052 3.29278e-07
0.106141 3.30212e-07
0.106231 3.3102e-07
0.106321 3.31956e-07
0.106411 3.32757e-07
0.106501 3.3349e-07
0.106591 3.34227e-07
0.106681 3.35018e-07
0.106771 3.35725e-07
0.10686 3.36424e-07
0.10695 3.37085e-07
0.10704 3.37724e-07
0.10713 3.38354e-07
0.10722 3.38918e-07
0.10731 3.39503e-07
0.1074 3.40065e-07
0.107489 3.40522e-07
0.107579 3.40922e-07
0.107669 3.41383e-07
0.107759 3.41766e-07
0.107849 3.42156e-07
0.107939 3.4259e-07
0.108029 3.42992e-07
0.108119 3.43415e-07
0.108208 3.43711e-07
0.108298 3.44066e-07
0.108388 3.44352e-07
0.108478 3.44687e-07
0.108568 3.44972e-07
0.108658 3.45252e-07
0.108748 3.45548e-07
0.108838 3.45874e-07
0.108927 3.46223e-07
0.109017 3.46521e-07
0.109107 3.46944e-07
0.109197 3.4733e-07
0.109287 3.47632e-07
0.109377 3.4799e-07
0.109467 3.48395e-07
0.109557 3.48881e-07
0.109646 3.49383e-07
0.109736 3.4991e-07
0.109826 3.50425e-07
0.109916 3.51058e-07
0.110006 3.51666e-07
0.110096 3.52266e-07
0.110186 3.52983e-07
0.110276 3.53684e-07
0.110365 3.54476e-07
0.110455 3.55301e-07
0.110545 3.56033e-07
0.110635 3.56934e-07
0.110725 3.57936e-07
0.110815 3.58892e-07
0.110905 3.59862e-07
0.110995 3.60743e-07
0.111084 3.6166e-07
0.111174 3.62662e-07
0.111264 3.63538e-07
0.111354 3.6456e-07
0.111444 3.65396e-07
0.111534 3.66299e-07
0.111624 3.67129e-07
0.111714 3.679e-07
0.111803 3.68644e-07
0.111893 3.6922e-07
0.111983 3.69816e-07
0.112073 3.70353e-07
0.112163 3.71023e-07
0.112253 3.71423e-07
0.112343 3.71881e-07
0.112433 3.72369e-07
0.112522 3.72825e-07
0.112612 3.7324e-07
0.112702 3.73746e-07
0.112792 3.74078e-07
0.112882 3.74484e-07
0.112972 3.74902e-07
0.113062 3.75251e-07
0.113152 3.75583e-07
0.113241 3.75926e-07
0.113331 3.76199e-07
0.113421 3.76471e-07
0.113511 3.76811e-07
0.113601 3.77135e-07
0.113691 3.77459e-07
0.113781 3.77781e-07
0.113871 3.78088e-07
0.11396 3.78482e-07
0.11405 3.78883e-07
0.11414 3.7926e-07
0.11423 3.79747e-07
0.11432 3.80128e-07
0.11441 3.8058e-07
0.1145 3.81034e-07
0.11459 3.81637e-07
0.114679 3.82124e-07
0.114769 3.82659e-07
0.114859 3.83192e-07
0.114949 3.83634e-07
0.115039 3.84178e-07
0.115129 3.8489e-07
0.115219 3.85626e-07
0.115309 3.86303e-07
0.115398 3.87276e-07
0.115488 3.88387e-07
0.115578 3.89269e-07
0.115668 3.90284e-07
0.115758 3.91372e-07
0.115848 3.92634e-07
0.115938 3.93698e-07
0.116028 3.94894e-07
0.116117 3.9619e-07
0.116207 3.97392e-07
0.116297 3.98544e-07
0.116387 3.99575e-07
0.116477 4.00747e-07
0.116567 4.01778e-07
0.116657 4.02581e-07
0.116747 4.03407e-07
0.116836 4.04141e-07
0.116926 4.04753e-07
0.117016 4.0554e-07
0.117106 4.06231e-07
0.117196 4.06811e-07
0.117286 4.0738e-07
0.117376 4.07932e-07
0.117466 4.08549e-07
0.117555 4.08949e-07
0.117645 4.09413e-07
0.117735 4.09743e-07
0.117825 4.10079e-07
0.117915 4.10436e-07
0.118005 4.10755e-07
0.118095 4.11209e-07
0.118185 4.11483e-07
0.118274 4.11617e-07
0.118364 4.11814e-07
0.118454 4.12017e-07
0.118544 4.12206e-07
0.118634 4.1243e-07
0.118724 4.12651e-07
0.118814 4.12965e-07
0.118904 4.1324e-07
0.118993 4.1343e-07
0.119083 4.13893e-07
0.119173 4.14224e-07
0.119263 4.14512e-07
0.119353 4.14921e-07
0.119443 4.15249e-07
0.119533 4.15665e-07
0.119623 4.16024e-07
0.119712 4.16395e-07
0.119802 4.16888e-07
0.119892 4.17499e-07
0.119982 4.18147e-07
0.120072 4.18814e-07
0.120162 4.19484e-07
0.120252 4.20295e-07
0.120341 4.21087e-07
0.120431 4.22048e-07
0.120521 4.22999e-07
0.120611 4.23969e-07
0.120701 4.24886e-07
0.120791 4.26228e-07
0.120881 4.27775e-07
0.120971 4.29225e-07
0.12106 4.30896e-07
0.12115 4.32708e-07
0.12124 4.34383e-07
0.12133 4.36029e-07
0.12142 4.37802e-07
0.12151 4.39405e-07
0.1216 4.40931e-07
0.12169 4.42279e-07
0.121779 4.43206e-07
0.121869 4.44177e-07
0.121959 4.45104e-07
0.122049 4.4597e-07
0.122139 4.46912e-07
0.122229 4.47485e-07
0.122319 4.48022e-07
0.122409 4.48729e-07
0.122498 4.49215e-07
0.122588 4.49832e-07
0.122678 4.50266e-07
0.122768 4.50828e-07
0.122858 4.51349e-07
0.122948 4.51679e-07
0.123038 4.51975e-07
0.123128 4.5209e-07
0.123217 4.52362e-07
0.123307 4.52365e-07
0.123397 4.52435e-07
0.123487 4.52647e-07
0.123577 4.52743e-07
0.123667 4.52825e-07
0.123757 4.52911e-07
0.123847 4.53203e-07
0.123936 4.53478e-07
0.124026 4.53718e-07
0.124116 4.53991e-07
0.124206 4.54199e-07
0.124296 4.54359e-07
0.124386 4.54594e-07
0.124476 4.54843e-07
0.124566 4.55101e-07
0.124655 4.55471e-07
0.124745 4.55825e-07
0.124835 4.56297e-07
0.124925 4.56738e-07
0.125015 4.56944e-07
0.125105 4.57145e-07
0.125195 4.57539e-07
0.125285 4.57988e-07
0.125374 4.58457e-07
0.125464 4.58917e-07
0.125554 4.59486e-07
0.125644 4.60093e-07
0.125734 4.60827e-07
0.125824 4.61469e-07
0.125914 4.62577e-07
0.126004 4.63981e-07
0.126093 4.65406e-07
0.126183 4.67009e-07
0.126273 4.68843e-07
0.126363 4.70919e-07
0.126453 4.73646e-07
0.126543 4.76419e-07
0.126633 4.78629e-07
0.126723 4.81614e-07
0.126812 4.84149e-07
0.126902 4.86289e-07
0.126992 4.88272e-07
0.127082 4.89952e-07
0.127172 4.91425e-07
0.127262 4.92689e-07
0.127352 4.93759e-07
0.127442 4.94658e-07
0.127531 4.95652e-07
0.127621 4.96421e-07
0.127711 4.97052e-07
0.127801 4.97491e-07
0.127891 4.97955e-07
0.127981 4.98253e-07
0.128071 4.98358e-07
0.128161 4.9871e-07
0.12825 4.98983e-07
0.12834 4.99228e-07
0.12843 4.99441e-07
0.12852 4.99689e-07
0.12861 4.9998e-07
0.1287 5.0007e-07
0.12879 5.00201e-07
0.12888 5.00241e-07
0.128969 5.00457e-07
0.129059 5.00503e-07
0.129149 5.00455e-07
0.129239 5.00609e-07
0.129329 5.00805e-07
0.129419 5.00912e-07
0.129509 5.01074e-07
0.129599 5.01257e-07
0.129688 5.01417e-07
0.129778 5.01562e-07
0.129868 5.01775e-07
0.129958 5.01935e-07
0.130048 5.02117e-07
0.130138 5.02073e-07
0.130228 5.02182e-07
0.130318 5.02328e-07
0.130407 5.02352e-07
0.130497 5.02575e-07
0.130587 5.02628e-07
0.130677 5.02659e-07
0.130767 5.02824e-07
0.130857 5.03019e-07
0.130947 5.03162e-07
0.131037 5.03408e-07
0.131126 5.03648e-07
0.131216 5.03628e-07
0.131306 5.03927e-07
0.131396 5.04332e-07
0.131486 5.04985e-07
0.131576 5.05908e-07
0.131666 5.07086e-07
0.131756 5.08975e-07
0.131845 5.11566e-07
0.131935 5.15629e-07
0.132025 5.21592e-07
0.132115 5.3026e-07
0.132205 5.37755e-07
0.132295 5.43303e-07
0.132385 5.46296e-07
0.132475 5.47623e-07
0.132564 5.48889e-07
0.132654 5.49754e-07
0.132744 5.50493e-07
0.132834 5.51123e-07
0.132924 5.51626e-07
0.133014 5.51987e-07
0.133104 5.52486e-07
0.133194 5.52744e-07
0.133283 5.53367e-07
0.133373 5.53727e-07
0.133463 5.53956e-07
0.133553 5.54215e-07
0.133643 5.54464e-07
0.133733 5.54658e-07
0.133823 5.54649e-07
0.133912 5.54622e-07
0.134002 5.54648e-07
0.134092 5.54607e-07
0.134182 5.5463e-07
0.134272 5.54521e-07
0.134362 5.54572e-07
0.134452 5.54503e-07
0.134542 5.54457e-07
0.134631 5.54429e-07
0.134721 5.54303e-07
0.134811 5.54268e-07
