-0.069875  -7.36386e-09 
-0.069745  -7.33215e-09 
-0.069615  -7.30066e-09 
-0.069485  -7.26944e-09 
-0.069355  -7.23853e-09 
-0.069225  -7.20798e-09 
-0.069095  -7.17782e-09 
-0.068965  -7.14808e-09 
-0.068835  -7.11872e-09 
-0.068705  -7.08978e-09 
-0.068575  -7.06124e-09 
-0.068445  -7.03306e-09 
-0.068315  -7.00528e-09 
-0.068185  -6.97783e-09 
-0.068055  -6.95072e-09 
-0.067925  -6.92392e-09 
-0.067795  -6.89744e-09 
-0.067665  -6.87122e-09 
-0.067535  -6.84526e-09 
-0.067405  -6.81955e-09 
-0.067275  -6.79409e-09 
-0.067145  -6.76884e-09 
-0.067015  -6.74384e-09 
-0.066885  -6.71901e-09 
-0.066755  -6.69443e-09 
-0.066625  -6.67007e-09 
-0.066495  -6.64598e-09 
-0.066365  -6.62219e-09 
-0.066235  -6.59873e-09 
-0.066105  -6.57564e-09 
-0.065975  -6.55295e-09 
-0.065845  -6.53076e-09 
-0.065715  -6.5091e-09 
-0.065585  -6.48807e-09 
-0.065455  -6.46771e-09 
-0.065325  -6.44808e-09 
-0.065195  -6.4293e-09 
-0.065065  -6.41138e-09 
-0.064935  -6.39441e-09 
-0.064805  -6.37848e-09 
-0.064675  -6.36357e-09 
-0.064545  -6.34981e-09 
-0.064415  -6.33709e-09 
-0.064285  -6.32546e-09 
-0.064155  -6.31489e-09 
-0.064025  -6.30522e-09 
-0.063895  -6.29643e-09 
-0.063765  -6.28828e-09 
-0.063635  -6.28065e-09 
-0.063505  -6.2733e-09 
-0.063375  -6.26602e-09 
-0.063245  -6.25859e-09 
-0.063115  -6.25076e-09 
-0.062985  -6.24235e-09 
-0.062855  -6.23311e-09 
-0.062725  -6.22289e-09 
-0.062595  -6.21154e-09 
-0.062465  -6.19892e-09 
-0.062335  -6.18496e-09 
-0.062205  -6.16959e-09 
-0.062075  -6.15279e-09 
-0.061945  -6.13463e-09 
-0.061815  -6.11513e-09 
-0.061685  -6.0944e-09 
-0.061555  -6.07256e-09 
-0.061425  -6.04974e-09 
-0.061295  -6.02613e-09 
-0.061165  -6.00186e-09 
-0.061035  -5.97719e-09 
-0.060905  -5.95222e-09 
-0.060775  -5.92708e-09 
-0.060645  -5.90201e-09 
-0.060515  -5.87706e-09 
-0.060385  -5.85229e-09 
-0.060255  -5.82786e-09 
-0.060125  -5.80371e-09 
-0.059995  -5.77987e-09 
-0.059865  -5.75639e-09 
-0.059735  -5.73323e-09 
-0.059605  -5.71038e-09 
-0.059475  -5.68775e-09 
-0.059345  -5.66546e-09 
-0.059215  -5.64344e-09 
-0.059085  -5.6217e-09 
-0.058955  -5.60032e-09 
-0.058825  -5.57933e-09 
-0.058695  -5.55872e-09 
-0.058565  -5.53863e-09 
-0.058435  -5.51905e-09 
-0.058305  -5.50001e-09 
-0.058175  -5.48149e-09 
-0.058045  -5.46355e-09 
-0.057915  -5.44611e-09 
-0.057785  -5.4291e-09 
-0.057655  -5.41253e-09 
-0.057525  -5.39631e-09 
-0.057395  -5.38037e-09 
-0.057265  -5.36464e-09 
-0.057135  -5.3491e-09 
-0.057005  -5.33369e-09 
-0.056875  -5.31834e-09 
-0.056745  -5.30313e-09 
-0.056615  -5.28798e-09 
-0.056485  -5.27286e-09 
-0.056355  -5.25787e-09 
-0.056225  -5.24293e-09 
-0.056095  -5.22807e-09 
-0.055965  -5.2132e-09 
-0.055835  -5.19837e-09 
-0.055705  -5.18352e-09 
-0.055575  -5.16854e-09 
-0.055445  -5.15344e-09 
-0.055315  -5.13811e-09 
-0.055185  -5.12245e-09 
-0.055055  -5.10644e-09 
-0.054925  -5.08999e-09 
-0.054795  -5.07306e-09 
-0.054665  -5.05553e-09 
-0.054535  -5.03753e-09 
-0.054405  -5.01897e-09 
-0.054275  -4.99982e-09 
-0.054145  -4.9802e-09 
-0.054015  -4.9601e-09 
-0.053885  -4.9395e-09 
-0.053755  -4.91852e-09 
-0.053625  -4.89715e-09 
-0.053495  -4.8754e-09 
-0.053365  -4.85323e-09 
-0.053235  -4.83068e-09 
-0.053105  -4.80774e-09 
-0.052975  -4.78428e-09 
-0.052845  -4.76041e-09 
-0.052715  -4.73599e-09 
-0.052585  -4.71097e-09 
-0.052455  -4.68533e-09 
-0.052325  -4.6591e-09 
-0.052195  -4.63225e-09 
-0.052065  -4.60481e-09 
-0.051935  -4.57684e-09 
-0.051805  -4.54834e-09 
-0.051675  -4.51954e-09 
-0.051545  -4.4905e-09 
-0.051415  -4.46138e-09 
-0.051285  -4.43229e-09 
-0.051155  -4.4034e-09 
-0.051025  -4.37476e-09 
-0.050895  -4.34669e-09 
-0.050765  -4.31919e-09 
-0.050635  -4.2924e-09 
-0.050505  -4.26635e-09 
-0.050375  -4.2411e-09 
-0.050245  -4.21663e-09 
-0.050115  -4.19287e-09 
-0.049985  -4.16994e-09 
-0.049855  -4.14768e-09 
-0.049725  -4.12599e-09 
-0.049595  -4.10478e-09 
-0.049465  -4.08395e-09 
-0.049335  -4.06337e-09 
-0.049205  -4.04286e-09 
-0.049075  -4.02247e-09 
-0.048945  -4.00202e-09 
-0.048815  -3.98142e-09 
-0.048685  -3.96061e-09 
-0.048555  -3.93951e-09 
-0.048425  -3.91811e-09 
-0.048295  -3.89626e-09 
-0.048165  -3.87415e-09 
-0.048035  -3.85167e-09 
-0.047905  -3.82885e-09 
-0.047775  -3.80568e-09 
-0.047645  -3.78222e-09 
-0.047515  -3.75843e-09 
-0.047385  -3.73453e-09 
-0.047255  -3.71049e-09 
-0.047125  -3.68635e-09 
-0.046995  -3.66219e-09 
-0.046865  -3.63808e-09 
-0.046735  -3.61408e-09 
-0.046605  -3.59018e-09 
-0.046475  -3.56663e-09 
-0.046345  -3.54339e-09 
-0.046215  -3.52055e-09 
-0.046085  -3.49817e-09 
-0.045955  -3.47633e-09 
-0.045825  -3.4551e-09 
-0.045695  -3.43443e-09 
-0.045565  -3.41454e-09 
-0.045435  -3.39544e-09 
-0.045305  -3.37709e-09 
-0.045175  -3.35959e-09 
-0.045045  -3.34292e-09 
-0.044915  -3.32709e-09 
-0.044785  -3.31199e-09 
-0.044655  -3.29778e-09 
-0.044525  -3.28435e-09 
-0.044395  -3.27162e-09 
-0.044265  -3.25956e-09 
-0.044135  -3.24806e-09 
-0.044005  -3.237e-09 
-0.043875  -3.22645e-09 
-0.043745  -3.21621e-09 
-0.043615  -3.20619e-09 
-0.043485  -3.19634e-09 
-0.043355  -3.18653e-09 
-0.043225  -3.17667e-09 
-0.043095  -3.1666e-09 
-0.042965  -3.15641e-09 
-0.042835  -3.14594e-09 
-0.042705  -3.13513e-09 
-0.042575  -3.12392e-09 
-0.042445  -3.11229e-09 
-0.042315  -3.10017e-09 
-0.042185  -3.08746e-09 
-0.042055  -3.07434e-09 
-0.041925  -3.06065e-09 
-0.041795  -3.04644e-09 
-0.041665  -3.03166e-09 
-0.041535  -3.01635e-09 
-0.041405  -3.00043e-09 
-0.041275  -2.98408e-09 
-0.041145  -2.96723e-09 
-0.041015  -2.94987e-09 
-0.040885  -2.93206e-09 
-0.040755  -2.91379e-09 
-0.040625  -2.89509e-09 
-0.040495  -2.87587e-09 
-0.040365  -2.85635e-09 
-0.040235  -2.83646e-09 
-0.040105  -2.81618e-09 
-0.039975  -2.79554e-09 
-0.039845  -2.7746e-09 
-0.039715  -2.75332e-09 
-0.039585  -2.73167e-09 
-0.039455  -2.70985e-09 
-0.039325  -2.68779e-09 
-0.039195  -2.66551e-09 
-0.039065  -2.64305e-09 
-0.038935  -2.62046e-09 
-0.038805  -2.59777e-09 
-0.038675  -2.57498e-09 
-0.038545  -2.55228e-09 
-0.038415  -2.52968e-09 
-0.038285  -2.50723e-09 
-0.038155  -2.48501e-09 
-0.038025  -2.46313e-09 
-0.037895  -2.44156e-09 
-0.037765  -2.42057e-09 
-0.037635  -2.40016e-09 
-0.037505  -2.38044e-09 
-0.037375  -2.36145e-09 
-0.037245  -2.34327e-09 
-0.037115  -2.32596e-09 
-0.036985  -2.30946e-09 
-0.036855  -2.29396e-09 
-0.036725  -2.27936e-09 
-0.036595  -2.26564e-09 
-0.036465  -2.25274e-09 
-0.036335  -2.2406e-09 
-0.036205  -2.22911e-09 
-0.036075  -2.21809e-09 
-0.035945  -2.20756e-09 
-0.035815  -2.19734e-09 
-0.035685  -2.18727e-09 
-0.035555  -2.17722e-09 
-0.035425  -2.16703e-09 
-0.035295  -2.15658e-09 
-0.035165  -2.14567e-09 
-0.035035  -2.13434e-09 
-0.034905  -2.12253e-09 
-0.034775  -2.10987e-09 
-0.034645  -2.09652e-09 
-0.034515  -2.08258e-09 
-0.034385  -2.06768e-09 
-0.034255  -2.05219e-09 
-0.034125  -2.03573e-09 
-0.033995  -2.01871e-09 
-0.033865  -2.00079e-09 
-0.033735  -1.98222e-09 
-0.033605  -1.96319e-09 
-0.033475  -1.94345e-09 
-0.033345  -1.92336e-09 
-0.033215  -1.90269e-09 
-0.033085  -1.88166e-09 
-0.032955  -1.86052e-09 
-0.032825  -1.83898e-09 
-0.032695  -1.81748e-09 
-0.032565  -1.79574e-09 
-0.032435  -1.77421e-09 
-0.032305  -1.75259e-09 
-0.032175  -1.73117e-09 
-0.032045  -1.71019e-09 
-0.031915  -1.68942e-09 
-0.031785  -1.66928e-09 
-0.031655  -1.64948e-09 
-0.031525  -1.63046e-09 
-0.031395  -1.61195e-09 
-0.031265  -1.59413e-09 
-0.031135  -1.57722e-09 
-0.031005  -1.56088e-09 
-0.030875  -1.54545e-09 
-0.030745  -1.53053e-09 
-0.030615  -1.51639e-09 
-0.030485  -1.50262e-09 
-0.030355  -1.48927e-09 
-0.030225  -1.47642e-09 
-0.030095  -1.4636e-09 
-0.029965  -1.45104e-09 
-0.029835  -1.4383e-09 
-0.029705  -1.4256e-09 
-0.029575  -1.4125e-09 
-0.029445  -1.39916e-09 
-0.029315  -1.38568e-09 
-0.029185  -1.37171e-09 
-0.029055  -1.3576e-09 
-0.028925  -1.34306e-09 
-0.028795  -1.32844e-09 
-0.028665  -1.31352e-09 
-0.028535  -1.29854e-09 
-0.028405  -1.28382e-09 
-0.028275  -1.26911e-09 
-0.028145  -1.25493e-09 
-0.028015  -1.24109e-09 
-0.027885  -1.22809e-09 
-0.027755  -1.21571e-09 
-0.027625  -1.2043e-09 
-0.027495  -1.19417e-09 
-0.027365  -1.18502e-09 
-0.027235  -1.17732e-09 
-0.027105  -1.17071e-09 
-0.026975  -1.16553e-09 
-0.026845  -1.16138e-09 
-0.026715  -1.15834e-09 
-0.026585  -1.15643e-09 
-0.026455  -1.15515e-09 
-0.026325  -1.15466e-09 
-0.026195  -1.15442e-09 
-0.026065  -1.15444e-09 
-0.025935  -1.15472e-09 
-0.025805  -1.15475e-09 
-0.025675  -1.15477e-09 
-0.025545  -1.1544e-09 
-0.025415  -1.15392e-09 
-0.025285  -1.15298e-09 
-0.025155  -1.15181e-09 
-0.025025  -1.15062e-09 
-0.024895  -1.14919e-09 
-0.024765  -1.1479e-09 
-0.024635  -1.14654e-09 
-0.024505  -1.14553e-09 
-0.024375  -1.14462e-09 
-0.024245  -1.14401e-09 
-0.024115  -1.14396e-09 
-0.023985  -1.14411e-09 
-0.023855  -1.14475e-09 
-0.023725  -1.14556e-09 
-0.023595  -1.14679e-09 
-0.023465  -1.148e-09 
-0.023335  -1.14926e-09 
-0.023205  -1.15066e-09 
-0.023075  -1.1517e-09 
-0.022945  -1.15264e-09 
-0.022815  -1.15302e-09 
-0.022685  -1.15308e-09 
-0.022555  -1.15239e-09 
-0.022425  -1.15108e-09 
-0.022295  -1.14927e-09 
-0.022165  -1.1466e-09 
-0.022035  -1.14343e-09 
-0.021905  -1.13943e-09 
-0.021775  -1.13499e-09 
-0.021645  -1.12982e-09 
-0.021515  -1.12416e-09 
-0.021385  -1.11823e-09 
-0.021255  -1.11181e-09 
-0.021125  -1.10528e-09 
-0.020995  -1.09838e-09 
-0.020865  -1.09149e-09 
-0.020735  -1.08433e-09 
-0.020605  -1.07712e-09 
-0.020475  -1.07006e-09 
-0.020345  -1.06283e-09 
-0.020215  -1.05576e-09 
-0.020085  -1.04856e-09 
-0.019955  -1.04156e-09 
-0.019825  -1.03442e-09 
-0.019695  -1.02731e-09 
-0.019565  -1.0204e-09 
-0.019435  -1.01338e-09 
-0.019305  -1.00659e-09 
-0.019175  -9.99687e-10 
-0.019045  -9.92871e-10 
-0.018915  -9.86351e-10 
-0.018785  -9.79773e-10 
-0.018655  -9.73529e-10 
-0.018525  -9.67236e-10 
-0.018395  -9.61317e-10 
-0.018265  -9.55415e-10 
-0.018135  -9.49722e-10 
-0.018005  -9.44381e-10 
-0.017875  -9.39047e-10 
-0.017745  -9.34044e-10 
-0.017615  -9.28969e-10 
-0.017485  -9.24137e-10 
-0.017355  -9.19119e-10 
-0.017225  -9.14042e-10 
-0.017095  -9.08958e-10 
-0.016965  -9.03465e-10 
-0.016835  -8.97809e-10 
-0.016705  -8.91524e-10 
-0.016575  -8.84863e-10 
-0.016445  -8.77392e-10 
-0.016315  -8.6922e-10 
-0.016185  -8.60462e-10 
-0.016055  -8.50711e-10 
-0.015925  -8.40288e-10 
-0.015795  -8.28843e-10 
-0.015665  -8.16784e-10 
-0.015535  -8.03768e-10 
-0.015405  -7.90045e-10 
-0.015275  -7.75823e-10 
-0.015145  -7.60911e-10 
-0.015015  -7.45729e-10 
-0.014885  -7.30018e-10 
-0.014755  -7.14274e-10 
-0.014625  -6.9823e-10 
-0.014495  -6.82202e-10 
-0.014365  -6.66436e-10 
-0.014235  -6.50704e-10 
-0.014105  -6.35452e-10 
-0.013975  -6.20433e-10 
-0.013845  -6.06067e-10 
-0.013715  -5.92062e-10 
-0.013585  -5.78672e-10 
-0.013455  -5.66159e-10 
-0.013325  -5.54173e-10 
-0.013195  -5.43142e-10 
-0.013065  -5.32729e-10 
-0.012935  -5.23134e-10 
-0.012805  -5.14519e-10 
-0.012675  -5.06569e-10 
-0.012545  -4.99603e-10 
-0.012415  -4.93267e-10 
-0.012285  -4.87858e-10 
-0.012155  -4.83032e-10 
-0.012025  -4.7889e-10 
-0.011895  -4.75649e-10 
-0.011765  -4.72869e-10 
-0.011635  -4.70904e-10 
-0.011505  -4.6934e-10 
-0.011375  -4.68569e-10 
-0.011245  -4.68193e-10 
-0.011115  -4.6835e-10 
-0.010985  -4.69211e-10 
-0.010855  -4.70402e-10 
-0.010725  -4.72244e-10 
-0.010595  -4.74319e-10 
-0.010465  -4.7693e-10 
-0.010335  -4.79654e-10 
-0.010205  -4.82543e-10 
-0.010075  -4.85692e-10 
-0.009945  -4.88558e-10 
-0.009815  -4.91373e-10 
-0.009685  -4.93617e-10 
-0.009555  -4.95452e-10 
-0.009425  -4.9638e-10 
-0.009295  -4.9638e-10 
-0.009165  -4.9552e-10 
-0.009035  -4.9328e-10 
-0.008905  -4.8993e-10 
-0.008775  -4.85069e-10 
-0.008645  -4.78987e-10 
-0.008515  -4.71338e-10 
-0.008385  -4.6233e-10 
-0.008255  -4.52232e-10 
-0.008125  -4.40753e-10 
-0.007995  -4.28363e-10 
-0.007865  -4.14847e-10 
-0.007735  -4.00689e-10 
-0.007605  -3.85695e-10 
-0.007475  -3.70184e-10 
-0.007345  -3.54495e-10 
-0.007215  -3.38426e-10 
-0.007085  -3.22456e-10 
-0.006955  -3.06417e-10 
-0.006825  -2.90757e-10 
-0.006695  -2.75309e-10 
-0.006565  -2.60332e-10 
-0.006435  -2.46153e-10 
-0.006305  -2.32531e-10 
-0.006175  -2.19969e-10 
-0.006045  -2.08159e-10 
-0.005915  -1.97435e-10 
-0.005785  -1.88013e-10 
-0.005655  -1.79603e-10 
-0.005525  -1.72597e-10 
-0.005395  -1.66661e-10 
-0.005265  -1.62109e-10 
-0.005135  -1.58552e-10 
-0.005005  -1.56085e-10 
-0.004875  -1.5479e-10 
-0.004745  -1.54182e-10 
-0.004615  -1.54426e-10 
-0.004485  -1.5506e-10 
-0.004355  -1.56217e-10 
-0.004225  -1.57404e-10 
-0.004095  -1.58642e-10 
-0.003965  -1.59969e-10 
-0.003835  -1.6088e-10 
-0.003705  -1.61654e-10 
-0.003575  -1.61884e-10 
-0.003445  -1.61841e-10 
-0.003315  -1.61171e-10 
-0.003185  -1.60051e-10 
-0.003055  -1.58694e-10 
-0.002925  -1.5674e-10 
-0.002795  -1.54633e-10 
-0.002665  -1.52012e-10 
-0.002535  -1.49312e-10 
-0.002405  -1.46266e-10 
-0.002275  -1.43045e-10 
-0.002145  -1.3995e-10 
-0.002015  -1.36648e-10 
-0.001885  -1.33541e-10 
-0.001755  -1.30386e-10 
-0.001625  -1.27557e-10 
-0.001495  -1.24806e-10 
-0.001365  -1.2234e-10 
-0.001235  -1.20428e-10 
-0.001105  -1.18728e-10 
-0.000975  -1.17705e-10 
-0.000845  -1.16996e-10 
-0.000715  -1.17008e-10 
-0.000585  -1.17407e-10 
-0.000455  -1.18363e-10 
-0.000325  -1.20043e-10 
-0.000195  -1.22045e-10 
-6.5e-05  -1.24701e-10 
6.5e-05  -1.27741e-10 
0.000195  -1.30758e-10 
0.000325  -1.34339e-10 
0.000455  -1.38091e-10 
0.000585  -1.41493e-10 
0.000715  -1.45158e-10 
0.000845  -1.48646e-10 
0.000975  -1.51844e-10 
0.001105  -1.54297e-10 
0.001235  -1.56643e-10 
0.001365  -1.58459e-10 
0.001495  -1.59338e-10 
0.001625  -1.59967e-10 
0.001755  -1.59989e-10 
0.001885  -1.59388e-10 
0.002015  -1.579e-10 
0.002145  -1.56183e-10 
0.002275  -1.54039e-10 
0.002405  -1.51134e-10 
0.002535  -1.48264e-10 
0.002665  -1.45166e-10 
0.002795  -1.4189e-10 
0.002925  -1.38206e-10 
0.003055  -1.34882e-10 
0.003185  -1.31585e-10 
0.003315  -1.28066e-10 
0.003445  -1.25022e-10 
0.003575  -1.22127e-10 
0.003705  -1.19048e-10 
0.003835  -1.16449e-10 
0.003965  -1.13947e-10 
0.004095  -1.11507e-10 
0.004225  -1.08721e-10 
0.004355  -1.06227e-10 
0.004485  -1.03608e-10 
0.004615  -1.00469e-10 
0.004745  -9.75073e-11 
0.004875  -9.42765e-11 
0.005005  -9.08093e-11 
0.005135  -8.67791e-11 
0.005265  -8.28638e-11 
0.005395  -7.88223e-11 
0.005525  -7.43598e-11 
0.005655  -7.02949e-11 
0.005785  -6.64167e-11 
0.005915  -6.28678e-11 
0.006045  -5.9449e-11 
0.006175  -5.70309e-11 
0.006305  -5.54089e-11 
0.006435  -5.44059e-11 
0.006565  -5.48386e-11 
0.006695  -5.64863e-11 
0.006825  -5.9425e-11 
0.006955  -6.33995e-11 
0.007085  -6.91188e-11 
0.007215  -7.62556e-11 
0.007345  -8.44436e-11 
0.007475  -9.42937e-11 
0.007605  -1.05448e-10 
0.007735  -1.17757e-10 
0.007865  -1.30801e-10 
0.007995  -1.45132e-10 
0.008125  -1.60261e-10 
0.008255  -1.75719e-10 
0.008385  -1.92062e-10 
0.008515  -2.08794e-10 
0.008645  -2.25766e-10 
0.008775  -2.42534e-10 
0.008905  -2.59656e-10 
0.009035  -2.76723e-10 
0.009165  -2.93255e-10 
0.009295  -3.0993e-10 
0.009425  -3.26353e-10 
0.009555  -3.42501e-10 
0.009685  -3.58009e-10 
0.009815  -3.73592e-10 
0.009945  -3.88936e-10 
0.010075  -4.03662e-10 
0.010205  -4.18519e-10 
0.010335  -4.33159e-10 
0.010465  -4.47562e-10 
0.010595  -4.614e-10 
0.010725  -4.75324e-10 
0.010855  -4.88962e-10 
0.010985  -5.01919e-10 
0.011115  -5.14794e-10 
0.011245  -5.27246e-10 
0.011375  -5.39175e-10 
0.011505  -5.50167e-10 
0.011635  -5.6091e-10 
0.011765  -5.70969e-10 
0.011895  -5.79996e-10 
0.012025  -5.88706e-10 
0.012155  -5.9668e-10 
0.012285  -6.03983e-10 
0.012415  -6.10274e-10 
0.012545  -6.1631e-10 
0.012675  -6.21781e-10 
0.012805  -6.2638e-10 
0.012935  -6.3087e-10 
0.013065  -6.34978e-10 
0.013195  -6.38746e-10 
0.013325  -6.41903e-10 
0.013455  -6.45184e-10 
0.013585  -6.4835e-10 
0.013715  -6.51059e-10 
0.013845  -6.54085e-10 
0.013975  -6.571e-10 
0.014105  -6.60162e-10 
0.014235  -6.62922e-10 
0.014365  -6.66094e-10 
0.014495  -6.69326e-10 
0.014625  -6.72209e-10 
0.014755  -6.75445e-10 
0.014885  -6.786e-10 
0.015015  -6.81601e-10 
0.015145  -6.84029e-10 
0.015275  -6.86466e-10 
0.015405  -6.88537e-10 
0.015535  -6.89728e-10 
0.015665  -6.90717e-10 
0.015795  -6.91055e-10 
0.015925  -6.90731e-10 
0.016055  -6.89342e-10 
0.016185  -6.87601e-10 
0.016315  -6.85214e-10 
0.016445  -6.81875e-10 
0.016575  -6.78356e-10 
0.016705  -6.74424e-10 
0.016835  -6.69864e-10 
0.016965  -6.65515e-10 
0.017095  -6.61195e-10 
0.017225  -6.57008e-10 
0.017355  -6.5282e-10 
0.017485  -6.49429e-10 
0.017615  -6.46623e-10 
0.017745  -6.44144e-10 
0.017875  -6.42788e-10 
0.018005  -6.42294e-10 
0.018135  -6.42681e-10 
0.018265  -6.4363e-10 
0.018395  -6.45883e-10 
0.018525  -6.4909e-10 
0.018655  -6.52896e-10 
0.018785  -6.57996e-10 
0.018915  -6.64038e-10 
0.019045  -6.71026e-10 
0.019175  -6.78565e-10 
0.019305  -6.87381e-10 
0.019435  -6.97063e-10 
0.019565  -7.07228e-10 
0.019695  -7.18551e-10 
0.019825  -7.30591e-10 
0.019955  -7.43296e-10 
0.020085  -7.56238e-10 
0.020215  -7.70017e-10 
0.020345  -7.84176e-10 
0.020475  -7.9827e-10 
0.020605  -8.12869e-10 
0.020735  -8.27523e-10 
0.020865  -8.4209e-10 
0.020995  -8.56188e-10 
0.021125  -8.70321e-10 
0.021255  -8.8413e-10 
0.021385  -8.9716e-10 
0.021515  -9.10088e-10 
0.021645  -9.22514e-10 
0.021775  -9.34453e-10 
0.021905  -9.45623e-10 
0.022035  -9.56751e-10 
0.022165  -9.67631e-10 
0.022295  -9.78082e-10 
0.022425  -9.88937e-10 
0.022555  -1.00007e-09 
0.022685  -1.01172e-09 
0.022815  -1.02373e-09 
0.022945  -1.03696e-09 
0.023075  -1.05123e-09 
0.023205  -1.06627e-09 
0.023335  -1.08277e-09 
0.023465  -1.1003e-09 
0.023595  -1.11873e-09 
0.023725  -1.13746e-09 
0.023855  -1.15696e-09 
0.023985  -1.17661e-09 
0.024115  -1.19575e-09 
0.024245  -1.21484e-09 
0.024375  -1.23329e-09 
0.024505  -1.25092e-09 
0.024635  -1.2672e-09 
0.024765  -1.28272e-09 
0.024895  -1.29711e-09 
0.025025  -1.30993e-09 
0.025155  -1.32189e-09 
0.025285  -1.33263e-09 
0.025415  -1.34221e-09 
0.025545  -1.35026e-09 
0.025675  -1.35758e-09 
0.025805  -1.36385e-09 
0.025935  -1.36881e-09 
0.026065  -1.37318e-09 
0.026195  -1.3767e-09 
0.026325  -1.37943e-09 
0.026455  -1.3811e-09 
0.026585  -1.3825e-09 
0.026715  -1.38334e-09 
0.026845  -1.38336e-09 
0.026975  -1.38338e-09 
0.027105  -1.38311e-09 
0.027235  -1.38264e-09 
0.027365  -1.38176e-09 
0.027495  -1.38118e-09 
0.027625  -1.3807e-09 
0.027755  -1.38002e-09 
0.027885  -1.3799e-09 
0.028015  -1.38006e-09 
0.028145  -1.38053e-09 
0.028275  -1.38098e-09 
0.028405  -1.38216e-09 
0.028535  -1.38372e-09 
0.028665  -1.38528e-09 
0.028795  -1.38754e-09 
0.028925  -1.39016e-09 
0.029055  -1.3931e-09 
0.029185  -1.39599e-09 
0.029315  -1.39956e-09 
0.029445  -1.4034e-09 
0.029575  -1.40723e-09 
0.029705  -1.41171e-09 
0.029835  -1.41657e-09 
0.029965  -1.42179e-09 
0.030095  -1.42712e-09 
0.030225  -1.4332e-09 
0.030355  -1.4398e-09 
0.030485  -1.44648e-09 
0.030615  -1.45396e-09 
0.030745  -1.46183e-09 
0.030875  -1.46966e-09 
0.031005  -1.47806e-09 
0.031135  -1.48655e-09 
0.031265  -1.49498e-09 
0.031395  -1.50289e-09 
0.031525  -1.51077e-09 
0.031655  -1.51816e-09 
0.031785  -1.52455e-09 
0.031915  -1.53054e-09 
0.032045  -1.53572e-09 
0.032175  -1.54e-09 
0.032305  -1.543e-09 
0.032435  -1.54545e-09 
0.032565  -1.547e-09 
0.032695  -1.54738e-09 
0.032825  -1.54738e-09 
0.032955  -1.54675e-09 
0.033085  -1.54557e-09 
0.033215  -1.54364e-09 
0.033345  -1.54176e-09 
0.033475  -1.53971e-09 
0.033605  -1.53726e-09 
0.033735  -1.53527e-09 
0.033865  -1.53346e-09 
0.033995  -1.53201e-09 
0.034125  -1.53071e-09 
0.034255  -1.53035e-09 
0.034385  -1.53071e-09 
0.034515  -1.53165e-09 
0.034645  -1.53398e-09 
0.034775  -1.53755e-09 
0.034905  -1.54243e-09 
0.035035  -1.54848e-09 
0.035165  -1.55648e-09 
0.035295  -1.56621e-09 
0.035425  -1.57741e-09 
0.035555  -1.59082e-09 
0.035685  -1.60611e-09 
0.035815  -1.6233e-09 
0.035945  -1.64199e-09 
0.036075  -1.66283e-09 
0.036205  -1.68541e-09 
0.036335  -1.70923e-09 
0.036465  -1.7349e-09 
0.036595  -1.76195e-09 
0.036725  -1.79019e-09 
0.036855  -1.81918e-09 
0.036985  -1.8494e-09 
0.037115  -1.88041e-09 
0.037245  -1.91167e-09 
0.037375  -1.94371e-09 
0.037505  -1.97601e-09 
0.037635  -2.00843e-09 
0.037765  -2.04042e-09 
0.037895  -2.07258e-09 
0.038025  -2.10432e-09 
0.038155  -2.1352e-09 
0.038285  -2.16572e-09 
0.038415  -2.19541e-09 
0.038545  -2.22413e-09 
0.038675  -2.25142e-09 
0.038805  -2.27788e-09 
0.038935  -2.3031e-09 
0.039065  -2.32668e-09 
0.039195  -2.34931e-09 
0.039325  -2.37066e-09 
0.039455  -2.39078e-09 
0.039585  -2.40939e-09 
0.039715  -2.42734e-09 
0.039845  -2.44436e-09 
0.039975  -2.46029e-09 
0.040105  -2.47596e-09 
0.040235  -2.49122e-09 
0.040365  -2.50618e-09 
0.040495  -2.52064e-09 
0.040625  -2.53543e-09 
0.040755  -2.5503e-09 
0.040885  -2.56492e-09 
0.041015  -2.58007e-09 
0.041145  -2.59539e-09 
0.041275  -2.61085e-09 
0.041405  -2.62609e-09 
0.041535  -2.64173e-09 
0.041665  -2.65737e-09 
0.041795  -2.67259e-09 
0.041925  -2.68804e-09 
0.042055  -2.70332e-09 
0.042185  -2.71833e-09 
0.042315  -2.73273e-09 
0.042445  -2.74714e-09 
0.042575  -2.76121e-09 
0.042705  -2.77457e-09 
0.042835  -2.78787e-09 
0.042965  -2.80078e-09 
0.043095  -2.81329e-09 
0.043225  -2.82512e-09 
0.043355  -2.83692e-09 
0.043485  -2.84843e-09 
0.043615  -2.85933e-09 
0.043745  -2.87036e-09 
0.043875  -2.88128e-09 
0.044005  -2.89177e-09 
0.044135  -2.90264e-09 
0.044265  -2.91359e-09 
0.044395  -2.92473e-09 
0.044525  -2.93574e-09 
0.044655  -2.94739e-09 
0.044785  -2.95932e-09 
0.044915  -2.97125e-09 
0.045045  -2.98387e-09 
0.045175  -2.9968e-09 
0.045305  -3.01005e-09 
0.045435  -3.02319e-09 
0.045565  -3.03695e-09 
0.045695  -3.05092e-09 
0.045825  -3.06476e-09 
0.045955  -3.07917e-09 
0.046085  -3.09382e-09 
0.046215  -3.10874e-09 
0.046345  -3.12364e-09 
0.046475  -3.13931e-09 
0.046605  -3.15544e-09 
0.046735  -3.17179e-09 
0.046865  -3.18915e-09 
0.046995  -3.2072e-09 
0.047125  -3.22602e-09 
0.047255  -3.24531e-09 
0.047385  -3.26575e-09 
0.047515  -3.28698e-09 
0.047645  -3.3086e-09 
0.047775  -3.33125e-09 
0.047905  -3.35446e-09 
0.048035  -3.37811e-09 
0.048165  -3.40176e-09 
0.048295  -3.42592e-09 
0.048425  -3.45009e-09 
0.048555  -3.47381e-09 
0.048685  -3.49762e-09 
0.048815  -3.52101e-09 
0.048945  -3.54387e-09 
0.049075  -3.56577e-09 
0.049205  -3.58728e-09 
0.049335  -3.60804e-09 
0.049465  -3.62763e-09 
0.049595  -3.64668e-09 
0.049725  -3.66493e-09 
0.049855  -3.68232e-09 
0.049985  -3.69858e-09 
0.050115  -3.71445e-09 
0.050245  -3.72963e-09 
0.050375  -3.74387e-09 
0.050505  -3.75792e-09 
0.050635  -3.77153e-09 
0.050765  -3.78481e-09 
0.050895  -3.79748e-09 
0.051025  -3.81031e-09 
0.051155  -3.82304e-09 
0.051285  -3.83538e-09 
0.051415  -3.84808e-09 
0.051545  -3.86082e-09 
0.051675  -3.87365e-09 
0.051805  -3.88621e-09 
0.051935  -3.89921e-09 
0.052065  -3.91225e-09 
0.052195  -3.92501e-09 
0.052325  -3.93814e-09 
0.052455  -3.95127e-09 
0.052585  -3.9644e-09 
0.052715  -3.97711e-09 
0.052845  -3.99015e-09 
0.052975  -4.00314e-09 
0.053105  -4.01577e-09 
0.053235  -4.02874e-09 
0.053365  -4.04177e-09 
0.053495  -4.05491e-09 
0.053625  -4.06784e-09 
0.053755  -4.08136e-09 
0.053885  -4.09518e-09 
0.054015  -4.10903e-09 
0.054145  -4.12367e-09 
0.054275  -4.13883e-09 
0.054405  -4.15454e-09 
0.054535  -4.17055e-09 
0.054665  -4.18754e-09 
0.054795  -4.20521e-09 
0.054925  -4.22323e-09 
0.055055  -4.24227e-09 
0.055185  -4.262e-09 
0.055315  -4.28237e-09 
0.055445  -4.30298e-09 
0.055575  -4.32446e-09 
0.055705  -4.34638e-09 
0.055835  -4.36831e-09 
0.055965  -4.39082e-09 
0.056095  -4.41345e-09 
0.056225  -4.43609e-09 
0.056355  -4.45827e-09 
0.056485  -4.48059e-09 
0.056615  -4.5026e-09 
0.056745  -4.52391e-09 
0.056875  -4.54515e-09 
0.057005  -4.56595e-09 
0.057135  -4.58601e-09 
0.057265  -4.60603e-09 
0.057395  -4.62577e-09 
0.057525  -4.64531e-09 
0.057655  -4.66444e-09 
0.057785  -4.68397e-09 
0.057915  -4.70372e-09 
0.058045  -4.72344e-09 
0.058175  -4.74402e-09 
0.058305  -4.76517e-09 
0.058435  -4.78702e-09 
0.058565  -4.80927e-09 
0.058695  -4.8327e-09 
0.058825  -4.85691e-09 
0.058955  -4.88163e-09 
0.059085  -4.90744e-09 
0.059215  -4.93401e-09 
0.059345  -4.96125e-09 
0.059475  -4.98874e-09 
0.059605  -5.01714e-09 
0.059735  -5.04604e-09 
0.059865  -5.07502e-09 
0.059995  -5.10478e-09 
0.060125  -5.13493e-09 
0.060255  -5.16544e-09 
0.060385  -5.196e-09 
0.060515  -5.22727e-09 
0.060645  -5.25894e-09 
0.060775  -5.29065e-09 
0.060905  -5.32308e-09 
0.061035  -5.35584e-09 
0.061165  -5.3889e-09 
0.061295  -5.42184e-09 
0.061425  -5.45523e-09 
0.061555  -5.48861e-09 
0.061685  -5.52149e-09 
0.061815  -5.55434e-09 
0.061945  -5.58668e-09 
0.062075  -5.61826e-09 
0.062205  -5.64855e-09 
0.062335  -5.67807e-09 
0.062465  -5.70629e-09 
0.062595  -5.73275e-09 
0.062725  -5.75801e-09 
0.062855  -5.78166e-09 
0.062985  -5.80371e-09 
0.063115  -5.82379e-09 
0.063245  -5.84268e-09 
0.063375  -5.86015e-09 
0.063505  -5.87595e-09 
0.063635  -5.89097e-09 
0.063765  -5.90497e-09 
0.063895  -5.91819e-09 
0.064025  -5.93045e-09 
0.064155  -5.94262e-09 
0.064285  -5.95454e-09 
0.064415  -5.96602e-09 
0.064545  -5.97789e-09 
0.064675  -5.98993e-09 
0.064805  -6.00229e-09 
0.064935  -6.01466e-09 
0.065065  -6.02784e-09 
0.065195  -6.04152e-09 
0.065325  -6.05538e-09 
0.065455  -6.0701e-09 
0.065585  -6.08533e-09 
0.065715  -6.10106e-09 
0.065845  -6.11686e-09 
0.065975  -6.13334e-09 
0.066105  -6.15012e-09 
0.066235  -6.16669e-09 
0.066365  -6.18363e-09 
0.066495  -6.20048e-09 
0.066625  -6.21707e-09 
0.066755  -6.23288e-09 
0.066885  -6.24845e-09 
0.067015  -6.26325e-09 
0.067145  -6.27672e-09 
0.067275  -6.28941e-09 
0.067405  -6.30078e-09 
0.067535  -6.31065e-09 
0.067665  -6.31853e-09 
0.067795  -6.32496e-09 
0.067925  -6.32947e-09 
0.068055  -6.33164e-09 
0.068185  -6.33206e-09 
0.068315  -6.33035e-09 
0.068445  -6.32647e-09 
0.068575  -6.32009e-09 
0.068705  -6.31188e-09 
0.068835  -6.30162e-09 
0.068965  -6.28894e-09 
0.069095  -6.27464e-09 
0.069225  -6.25848e-09 
0.069355  -6.24054e-09 
0.069485  -6.22059e-09 
0.069615  -6.1994e-09 
0.069745  -6.17678e-09 
0.069875  -6.15246e-09 
