-1.681893318891525269e-01 1.308608972294678097e-07
-1.673677563667297363e-01 1.354004695031107985e-07
-1.665461659431457520e-01 1.387662109664233867e-07
-1.657245904207229614e-01 1.426841151896951487e-07
-1.649030148983001709e-01 1.465317041038360912e-07
-1.640814244747161865e-01 1.505562039483265835e-07
-1.632598489522933960e-01 1.552267434590248740e-07
-1.624382734298706055e-01 1.600078576302621514e-07
-1.616166830062866211e-01 1.654525618732805015e-07
-1.607951074838638306e-01 1.709456682874588296e-07
-1.599735319614410400e-01 1.780901897063813522e-07
-1.591519415378570557e-01 1.851198163649314665e-07
-1.583303660154342651e-01 1.924263841601714375e-07
-1.575087904930114746e-01 2.009610113873350201e-07
-1.566872000694274902e-01 2.094927253892819863e-07
-1.558656245470046997e-01 2.194859263227044721e-07
-1.550440490245819092e-01 2.288097959990409436e-07
-1.542224735021591187e-01 2.400037431016244227e-07
-1.534008830785751343e-01 2.509728176391945453e-07
-1.525793075561523438e-01 2.619607641918264562e-07
-1.517577320337295532e-01 2.743601328347722301e-07
-1.509361416101455688e-01 2.872137940812535817e-07
-1.501145660877227783e-01 2.998387742536579026e-07
-1.492929905652999878e-01 3.132389849724859232e-07
-1.484714001417160034e-01 3.267211639013112290e-07
-1.476498246192932129e-01 3.401129049507289892e-07
-1.468282490968704224e-01 3.542480726537178271e-07
-1.460066586732864380e-01 3.684238265577732818e-07
-1.451850831508636475e-01 3.827340719908534084e-07
-1.443635076284408569e-01 3.970749844484089408e-07
-1.435419172048568726e-01 4.107309337086917367e-07
-1.427203416824340820e-01 4.238634119246853516e-07
-1.418987661600112915e-01 4.368562827039568219e-07
-1.410771757364273071e-01 4.493677749906055396e-07
-1.402556002140045166e-01 4.614732347363315057e-07
-1.394340246915817261e-01 4.732115428396355128e-07
-1.386124491691589355e-01 4.835310392081737518e-07
-1.377908587455749512e-01 4.925173016090411693e-07
-1.369692832231521606e-01 5.006212404623511247e-07
-1.361477077007293701e-01 5.077117748442105949e-07
-1.353261172771453857e-01 5.135613605489197653e-07
-1.345045417547225952e-01 5.181020696909399703e-07
-1.336829662322998047e-01 5.212959877098910511e-07
-1.328613758087158203e-01 5.229435373621527106e-07
-1.320398002862930298e-01 5.229737780609866604e-07
-1.312182247638702393e-01 5.216897989157587290e-07
-1.303966343402862549e-01 5.190757406126067508e-07
-1.295750588178634644e-01 5.147811634742538445e-07
-1.287534832954406738e-01 5.091265506962372456e-07
-1.279318928718566895e-01 5.021896072321396787e-07
-1.271103173494338989e-01 4.937734274790273048e-07
-1.262887418270111084e-01 4.844474688070476986e-07
-1.254671514034271240e-01 4.736253345072327647e-07
-1.246455758810043335e-01 4.618503908204729669e-07
-1.238240003585815430e-01 4.495479117849754402e-07
-1.230024173855781555e-01 4.363327832379582105e-07
-1.221808344125747681e-01 4.222498262151930248e-07
-1.213592588901519775e-01 4.077230073562532198e-07
-1.205376759171485901e-01 3.924614588868280407e-07
-1.197160929441452026e-01 3.764674829653813504e-07
-1.188945174217224121e-01 3.607795520110812504e-07
-1.180729344487190247e-01 3.451122836395370541e-07
-1.172513514757156372e-01 3.291098948920989642e-07
-1.164297759532928467e-01 3.128737091628863709e-07
-1.156081929802894592e-01 2.967721570712456014e-07
-1.147866100072860718e-01 2.809591990171611542e-07
-1.139650344848632812e-01 2.659926678916235687e-07
-1.131434515118598938e-01 2.506682221792289056e-07
-1.123218685388565063e-01 2.361225028835178819e-07
-1.115002930164337158e-01 2.223583237537241075e-07
-1.106787100434303284e-01 2.086116239752300316e-07
-1.098571270704269409e-01 1.955026931454995065e-07
-1.090355515480041504e-01 1.828456532848576899e-07
-1.082139685750007629e-01 1.703082688209178741e-07
-1.073923856019973755e-01 1.588107920724723954e-07
-1.065708100795745850e-01 1.481660092395031825e-07
-1.057492345571517944e-01 1.379385139443911612e-07
-1.049276515841484070e-01 1.279921804098194116e-07
-1.041060686111450195e-01 1.182158726464876963e-07
-1.032844856381416321e-01 1.092983907824418566e-07
-1.024629101157188416e-01 1.010634207432303810e-07
-1.016413271427154541e-01 9.346609886051737703e-08
-1.008197441697120667e-01 8.646076565810290049e-08
-9.999816864728927612e-02 7.967837234446051298e-08
-9.917658567428588867e-02 7.334109852763504023e-08
-9.835501015186309814e-02 6.716579292742608231e-08
-9.753342717885971069e-02 6.148831488417272340e-08
-9.671184420585632324e-02 5.687607895765722787e-08
-9.589026868343353271e-02 5.243260048359843495e-08
-9.506868571043014526e-02 4.778571849328727694e-08
-9.424710273742675781e-02 4.359447558499596198e-08
-9.342552721500396729e-02 4.015157983872086334e-08
-9.260394424200057983e-02 3.693215333555599500e-08
-9.178236126899719238e-02 3.354285738055295951e-08
-9.096078574657440186e-02 3.041538931825016334e-08
-9.013920277357101440e-02 2.796635989454898663e-08
-8.931761980056762695e-02 2.529812448415214021e-08
-8.849604427814483643e-02 2.277934640915191267e-08
-8.767446130514144897e-02 2.116905761795351282e-08
-8.685288578271865845e-02 1.923446291129948804e-08
-8.603130280971527100e-02 1.741275035271883098e-08
-8.520971983671188354e-02 1.609207522790256917e-08
-8.438814431428909302e-02 1.504977831245923880e-08
-8.356656134128570557e-02 1.338045141352495193e-08
-8.274497836828231812e-02 1.191927534449632731e-08
-8.192340284585952759e-02 1.095104895654230859e-08
-8.110181987285614014e-02 1.021016338142999302e-08
-8.028023689985275269e-02 9.396509348391646199e-09
-7.945866137742996216e-02 8.600150813720119913e-09
-7.863707840442657471e-02 7.814845659481761686e-09
-7.781550288200378418e-02 7.525092549087730731e-09
-7.699391990900039673e-02 7.379052036071698240e-09
-7.617233693599700928e-02 7.006266677933581377e-09
-7.535076141357421875e-02 6.433046984000156954e-09
-7.452917844057083130e-02 5.726628948821144149e-09
-7.370759546756744385e-02 5.178627748847475232e-09
-7.288601994514465332e-02 5.203443453893896731e-09
-7.206443697214126587e-02 5.288876891995641927e-09
-7.124285399913787842e-02 5.072767539360256706e-09
-7.042127847671508789e-02 4.553764476611377177e-09
-6.959969550371170044e-02 4.213066340241766738e-09
-6.877811253070831299e-02 4.102826522967006895e-09
-6.795653700828552246e-02 4.057843838722874352e-09
-6.713495403528213501e-02 4.048549051560712542e-09
-6.631337851285934448e-02 3.992544517217311295e-09
-6.549179553985595703e-02 3.949796045787934418e-09
-6.467021256685256958e-02 3.914110369152012936e-09
-6.384863704442977905e-02 3.878269261292643932e-09
-6.302705407142639160e-02 3.831094108619481631e-09
-6.220547109842300415e-02 3.803569903482184600e-09
-6.138389557600021362e-02 3.811659432528813340e-09
-6.056231260299682617e-02 3.666266623625347165e-09
-5.974072962999343872e-02 3.006873861011172266e-09
-5.891915410757064819e-02 2.519532138478552952e-09
-5.809757113456726074e-02 2.579155333748417434e-09
-5.727599561214447021e-02 2.614573668680009177e-09
-5.645441263914108276e-02 2.530152753976722124e-09
-5.563282966613769531e-02 2.487628325553714603e-09
-5.481125414371490479e-02 2.456763681379925401e-09
-5.398967117071151733e-02 2.408591326386044784e-09
-5.316808819770812988e-02 2.365911910828799591e-09
-5.234651267528533936e-02 2.377714913848194556e-09
-5.152492970228195190e-02 1.348163580772165915e-09
-5.070334672927856445e-02 1.268247284968992972e-09
-4.988177120685577393e-02 1.229387924794878018e-09
-4.906018823385238647e-02 1.191156506763491052e-09
-4.823860526084899902e-02 1.150800676974483849e-09
-4.741702973842620850e-02 1.132845345308552965e-10
-4.659544676542282104e-02 7.647654731712805187e-11
-4.577387124300003052e-02 3.822819144572164873e-11
-4.495228826999664307e-02 0.000000000000000000e+00
-4.413070529699325562e-02 -3.823140415359915778e-11
-4.330912977457046509e-02 -7.646262789595681397e-11
-4.248754680156707764e-02 -1.134854571427368342e-10
-4.166597127914428711e-02 -1.134078719822184667e-09
-4.084438085556030273e-02 -1.191148180090806363e-09
-4.002280533313751221e-02 -1.229380153233705641e-09
-3.920122981071472168e-02 -1.267619231803962521e-09
-3.837963938713073730e-02 -1.305850538813047024e-09
-3.755806386470794678e-02 -1.344081845822131527e-09
-3.673648834228515625e-02 -1.382313263853518492e-09
-3.591489791870117188e-02 -1.420544570862602995e-09
-3.509332239627838135e-02 -1.458775877871687499e-09
-3.427174687385559082e-02 -1.503072000197391844e-09
-3.345015645027160645e-02 -2.526531872604209639e-09
-3.262858092784881592e-02 -2.573629753754858029e-09
-3.180700540542602539e-02 -2.611696858778600472e-09
-3.098542988300323486e-02 -2.649932717702085938e-09
-3.016383945941925049e-02 -2.688164801867287679e-09
-2.934226393699645996e-02 -2.726395997854069719e-09
-2.852068841457366943e-02 -2.764626527707036985e-09
-2.769909799098968506e-02 -2.802857723693819025e-09
-2.687752246856689453e-02 -2.841088919680601066e-09
-2.605594694614410400e-02 -2.879320559756592957e-09
-2.523435652256011963e-02 -2.917551755743374997e-09
-2.441278100013732910e-02 -2.955783173774761963e-09
-2.359120547771453857e-02 -2.994003933665112527e-09
-2.276961505413055420e-02 -3.890261002226225173e-09
-2.194803953170776367e-02 -4.071376125125425460e-09
-2.112646400928497314e-02 -4.108897666554867101e-09
-2.030487358570098877e-02 -4.146937016002993914e-09
-1.948329806327819824e-02 -4.185170876525035055e-09
-1.866172254085540771e-02 -4.223404737047076196e-09
-1.784013211727142334e-02 -4.261635044855438537e-09
-1.701855659484863281e-02 -4.299865352663800877e-09
-1.619698107242584229e-02 -4.338096548650582918e-09
-1.537539064884185791e-02 -4.376327744637364958e-09
-1.455381512641906738e-02 -4.414559384713356849e-09
-1.373223960399627686e-02 -4.452790580700138889e-09
-1.291064918041229248e-02 -4.491021776686920930e-09
-1.208907365798950195e-02 -4.529252972673702970e-09
-1.126749813556671143e-02 -4.567484612749694861e-09
-1.044590771198272705e-02 -4.605715808736476902e-09
-9.624332189559936523e-03 -4.643947004723258942e-09
-8.802756667137145996e-03 -4.682178200710040983e-09
-7.981181144714355469e-03 -4.720409840786032873e-09
-7.159590721130371094e-03 -4.758641036772814914e-09
-6.338015198707580566e-03 -4.796872232759596955e-09
-5.516439676284790039e-03 -4.835103872835588845e-09
-4.694849252700805664e-03 -4.873335068822370886e-09
-3.873273730278015137e-03 -4.911566264809152926e-09
-3.051698207855224609e-03 -4.949797904885144817e-09
-2.230107784271240234e-03 -4.988029100871926858e-09
-1.408532261848449707e-03 -5.026260296858708898e-09
-5.869567394256591797e-04 -5.064491492845490939e-09
2.346336841583251953e-04 -5.102723132921482829e-09
1.056209206581115723e-03 -5.140953884819055020e-09
1.877784729003906250e-03 -5.179185968984256760e-09
2.699375152587890625e-03 -5.217417164971038801e-09
3.520950675010681152e-03 -5.255647916868610992e-09
4.342526197433471680e-03 -5.293879112855393032e-09
5.164116621017456055e-03 -5.332108976574545522e-09
5.985692143440246582e-03 -5.370329070331081311e-09
6.807267665863037109e-03 -5.409274361767302253e-09
7.628858089447021484e-03 -5.572998507119564238e-09
8.450433611869812012e-03 -4.485058102687844439e-09
9.272009134292602539e-03 -4.523267982392553677e-09
1.009359955787658691e-02 -4.561498734290125867e-09
1.091517508029937744e-02 -4.599730374366117758e-09
1.173675060272216797e-02 -4.637961570352899798e-09
1.255832612514495850e-02 -4.676192766339681839e-09
1.337991654872894287e-02 -4.714424406415673729e-09
1.420149207115173340e-02 -4.752655602402455770e-09
1.502306759357452393e-02 -4.790887242478447661e-09
1.584465801715850830e-02 -4.829118438465229701e-09
1.666623353958129883e-02 -4.867349190362801892e-09
1.748780906200408936e-02 -4.905776229691127810e-09
1.830939948558807373e-02 -3.904499834561647731e-09
1.913097500801086426e-02 -3.982043583761196714e-09
1.995255053043365479e-02 -4.020274779747978755e-09
2.077414095401763916e-02 -4.058506419823970646e-09
2.159571647644042969e-02 -4.096737615810752686e-09
2.241729199886322021e-02 -4.134969699975954427e-09
2.323888242244720459e-02 -4.173200895962736467e-09
2.406045794486999512e-02 -4.211428539235839708e-09
2.488203346729278564e-02 -4.249452789650831619e-09
2.570362389087677002e-02 -3.303083140338003432e-09
2.652519941329956055e-02 -3.326124042857259155e-09
2.734677493572235107e-02 -3.364356349067065821e-09
2.816836535930633545e-02 -3.402588433232267562e-09
2.898994088172912598e-02 -3.440820073308259452e-09
2.981151640415191650e-02 -3.479047716581362693e-09
3.063310682773590088e-02 -3.517272917363811757e-09
3.145468235015869141e-02 -2.442409607894546753e-09
3.227625787258148193e-02 -2.593749437451720041e-09
3.309783339500427246e-02 -2.631976192546403581e-09
3.391942381858825684e-02 -2.670207832622395472e-09
3.474099934101104736e-02 -2.708438140430757812e-09
3.556257486343383789e-02 -2.746571636791372839e-09
3.638416528701782227e-02 -1.713234887290582265e-09
3.720574080944061279e-02 -1.823111439591684757e-09
3.802731633186340332e-02 -1.861361620392187888e-09
3.884890675544738770e-02 -1.899595369891926566e-09
3.967048227787017822e-02 -1.937826343834103682e-09
4.049205780029296875e-02 -1.970767327108546851e-09
4.131364822387695312e-02 -1.015188821895662841e-09
4.213522374629974365e-02 -1.052520626210196042e-09
4.295679926872253418e-02 -1.090745049836527869e-09
4.377838969230651855e-02 -1.128987014986648774e-09
4.459996521472930908e-02 -1.152319240027566138e-09
4.542154073715209961e-02 -2.052592817936016445e-10
4.624313116073608398e-02 -2.436772728042768676e-10
4.706470668315887451e-02 -2.819103839257763866e-10
4.788628220558166504e-02 -3.033191753321062833e-10
4.870787262916564941e-02 6.415230568990182292e-10
4.952944815158843994e-02 6.033968880103657284e-10
5.035102367401123047e-02 5.678193470970427370e-10
5.117261409759521484e-02 1.282585926354329331e-09
5.199418962001800537e-02 1.680861561048629937e-09
5.281576514244079590e-02 1.514555147963392301e-09
5.363734066486358643e-02 1.856296782953847924e-09
5.445893108844757080e-02 2.406605581484200229e-09
5.528050661087036133e-02 2.414123345673147014e-09
5.610208213329315186e-02 2.283731426189206104e-09
5.692367255687713623e-02 2.400226906118518855e-09
5.774524807929992676e-02 2.936629828198533687e-09
5.856682360172271729e-02 3.219781774532748386e-09
5.938841402530670166e-02 3.114038804596930277e-09
6.020998954772949219e-02 3.446946506002745991e-09
6.103156507015228271e-02 4.102665318583831322e-09
6.185315549373626709e-02 4.171408107822571765e-09
6.267473101615905762e-02 3.890866739908460659e-09
6.349630653858184814e-02 3.894462530240616616e-09
6.431789696216583252e-02 4.537499709300618633e-09
6.513947248458862305e-02 4.960555077815342884e-09
6.596104800701141357e-02 4.834609157455815875e-09
6.678263843059539795e-02 4.701504963122715708e-09
6.760421395301818848e-02 4.876278048016047251e-09
6.842578947544097900e-02 5.367193800509539869e-09
6.924737989902496338e-02 5.744193121159923976e-09
7.006895542144775391e-02 5.738258312959487739e-09
7.089053094387054443e-02 5.537037495173535717e-09
7.171212136745452881e-02 5.421194604338097633e-09
7.253369688987731934e-02 5.888092680095269316e-09
7.335527241230010986e-02 6.483185099881438873e-09
7.417684793472290039e-02 6.501157834293280757e-09
7.499843835830688477e-02 6.401066343642014544e-09
7.582001388072967529e-02 6.839012023363011394e-09
7.664158940315246582e-02 7.348100350412778425e-09
7.746317982673645020e-02 7.420872361052488486e-09
7.828475534915924072e-02 7.265874124584570382e-09
