-6.040384247899055481e-02 2.153161204887510394e-08
-6.000248715281486511e-02 4.168571265950049565e-08
-5.960113182663917542e-02 5.963865845615146100e-08
-5.919978022575378418e-02 7.583455641224645660e-08
-5.879842489957809448e-02 9.061716355063254014e-08
-5.839706957340240479e-02 1.043244139964372152e-07
-5.799571424722671509e-02 1.170805816741449235e-07
-5.759436264634132385e-02 1.290789271024550544e-07
-5.719300732016563416e-02 1.402985247977994732e-07
-5.679165199398994446e-02 1.509935998456057860e-07
-5.639029666781425476e-02 1.611421822644842905e-07
-5.598894506692886353e-02 1.709441477260043030e-07
-5.558758974075317383e-02 1.802452089805228752e-07
-5.518623441457748413e-02 1.891647087859382736e-07
-5.478487908840179443e-02 1.977114010287550627e-07
-5.438352748751640320e-02 2.060079680177295813e-07
-5.398217216134071350e-02 2.139338874940222013e-07
-5.358081683516502380e-02 2.217147709870914696e-07
-5.317946150898933411e-02 2.291683927069243509e-07
-5.277810990810394287e-02 2.364001545629434986e-07
-5.237675458192825317e-02 2.434899215586483479e-07
-5.197539925575256348e-02 2.503416567378735635e-07
-5.157404392957687378e-02 2.570312744865077548e-07
-5.117268860340118408e-02 2.634652389588154620e-07
-5.077133700251579285e-02 2.698713501558813732e-07
-5.036998167634010315e-02 2.760604047580272891e-07
-4.996862635016441345e-02 2.820819133830809733e-07
-4.956727474927902222e-02 2.879941689570841845e-07
-4.916591942310333252e-02 2.937945851044787560e-07
-4.876456409692764282e-02 2.995277270656515611e-07
-4.836320877075195312e-02 3.050799932680092752e-07
-4.796185344457626343e-02 3.105791961388604250e-07
-4.756050184369087219e-02 3.159247796702402411e-07
-4.715914651751518250e-02 3.212470858215965563e-07
-4.675779119133949280e-02 3.264111683165538125e-07
-4.635643959045410156e-02 3.315602157272223849e-07
-4.595508426427841187e-02 3.365435929936211323e-07
-4.555372893810272217e-02 3.415484570723492652e-07
-4.515237361192703247e-02 3.464515714313165518e-07
-4.475101828575134277e-02 3.512493549351347610e-07
-4.434966295957565308e-02 3.559961783139442559e-07
-4.394831135869026184e-02 3.606787686294410378e-07
-4.354695603251457214e-02 3.653385647339746356e-07
-4.314560443162918091e-02 3.699200590290274704e-07
-4.274424910545349121e-02 3.744453067611175356e-07
-4.234289377927780151e-02 3.789386084918078268e-07
-4.194153845310211182e-02 3.833866344393754844e-07
-4.154018312692642212e-02 3.877120207107509486e-07
-4.113882780075073242e-02 3.920813185231963871e-07
-4.073747619986534119e-02 3.963770325299265096e-07
-4.033612087368965149e-02 4.005603386758593842e-07
-3.993476927280426025e-02 4.047591914968506899e-07
-3.953341394662857056e-02 4.089191349976317724e-07
-3.913205862045288086e-02 4.130098432142403908e-07
-3.873070329427719116e-02 4.171353111814823933e-07
-3.832934796810150146e-02 4.211578925605863333e-07
-3.792799264192581177e-02 4.250774168212956283e-07
-3.752664104104042053e-02 4.290822630537149962e-07
-3.712528571486473083e-02 4.329268392666563159e-07
-3.672393411397933960e-02 4.369013879568228731e-07
-3.632257878780364990e-02 4.406413154356414452e-07
-3.592122346162796021e-02 4.445267336450342555e-07
-3.551986813545227051e-02 4.482095050661882851e-07
-3.511851280927658081e-02 4.520298659826949006e-07
-3.471715748310089111e-02 4.556209489692264469e-07
-3.431580215692520142e-02 4.593397022745193681e-07
-3.391445055603981018e-02 4.629701777503214544e-07
-3.351309522986412048e-02 4.665305084472493036e-07
-3.311174362897872925e-02 4.701317948274663649e-07
-3.271038830280303955e-02 4.736121184123476269e-07
-3.230903297662734985e-02 4.771328008246200625e-07
-3.190767765045166016e-02 4.805572757504705805e-07
-3.150632232427597046e-02 4.839614007323689293e-07
-3.110496886074542999e-02 4.873236889579857234e-07
-3.070361539721488953e-02 4.907091124550788663e-07
-3.030226007103919983e-02 4.939437303619342856e-07
-2.990090660750865936e-02 4.972675355929823127e-07
-2.949955128133296967e-02 5.004749255022034049e-07
-2.909819781780242920e-02 5.036998231844336260e-07
-2.869684249162673950e-02 5.069352368991530966e-07
-2.829548716545104980e-02 5.100084194964438211e-07
-2.789413556456565857e-02 5.131610691933019552e-07
-2.749278023838996887e-02 5.162156071492063347e-07
-2.709142491221427917e-02 5.192389380681561306e-07
-2.669006958603858948e-02 5.222372010393883102e-07
-2.628871798515319824e-02 5.251238235359778628e-07
-2.588736265897750854e-02 5.281266339807189070e-07
-2.548600733280181885e-02 5.309634047989675310e-07
-2.508465200662612915e-02 5.338155233403085731e-07
-2.468330040574073792e-02 5.366309778764843941e-07
-2.428194507956504822e-02 5.393835067479813006e-07
-2.388058975338935852e-02 5.420977231551660225e-07
-2.347923442721366882e-02 5.448465572044369765e-07
-2.307788282632827759e-02 5.474563522511743940e-07
-2.267652750015258789e-02 5.501198643287352752e-07
-2.227517217397689819e-02 5.526817972167918924e-07
-2.187381684780120850e-02 5.552697075472678989e-07
-2.147246152162551880e-02 5.577484785135311540e-07
-2.107110992074012756e-02 5.602141186500375625e-07
-2.066975459456443787e-02 5.626894790111691691e-07
-2.026839926838874817e-02 5.650373964272148442e-07
-1.986704394221305847e-02 5.673969099007081240e-07
-1.946569234132766724e-02 5.697323786080232821e-07
-1.906433701515197754e-02 5.719840601159376092e-07
-1.866298168897628784e-02 5.742460871260846034e-07
-1.826162636280059814e-02 5.763972694694530219e-07
-1.786027476191520691e-02 5.785155394733010326e-07
-1.745891943573951721e-02 5.807297611681860872e-07
-1.705756410956382751e-02 5.827076279274479020e-07
-1.665620878338813782e-02 5.847875854669837281e-07
-1.625485718250274658e-02 5.868126891073188744e-07
-1.585350185632705688e-02 5.887290512873732951e-07
-1.545214653015136719e-02 5.905804414396698121e-07
-1.505079120397567749e-02 5.924681545366183855e-07
-1.464943960309028625e-02 5.942419534221698996e-07
-1.424808427691459656e-02 5.960950488770322409e-07
-1.384672895073890686e-02 5.978362196401576512e-07
-1.344537362456321716e-02 5.995413516757253092e-07
-1.304402202367782593e-02 6.012437552271876484e-07
-1.264266669750213623e-02 6.027659082974423654e-07
-1.224131137132644653e-02 6.043756002327427268e-07
-1.183995604515075684e-02 6.059214570086624008e-07
-1.143860444426536560e-02 6.074635621189372614e-07
-1.103724911808967590e-02 6.088384907343424857e-07
-1.063589379191398621e-02 6.102775387262227014e-07
-1.023453846573829651e-02 6.116258077781822067e-07
-9.833186864852905273e-03 6.130198926257435232e-07
-9.431831538677215576e-03 6.143038717709714547e-07
-9.030476212501525879e-03 6.154947413961053826e-07
-8.629120886325836182e-03 6.167571200421662070e-07
-8.227765560150146484e-03 6.178718194860266522e-07
-7.826413959264755249e-03 6.189970918057952076e-07
-7.425058633089065552e-03 6.201110522852104623e-07
-7.023703306913375854e-03 6.212439984665252268e-07
-6.622347980737686157e-03 6.222294928193150554e-07
-6.220996379852294922e-03 6.231933866729377769e-07
-5.819641053676605225e-03 6.241662617867405061e-07
-5.418285727500915527e-03 6.251206627894134726e-07
-5.016930401325225830e-03 6.260116833800566383e-07
-4.615578800439834595e-03 6.268438710321788676e-07
-4.214223474264144897e-03 6.277280704125587363e-07
-3.812868148088455200e-03 6.285065978772763629e-07
-3.411512821912765503e-03 6.294186505328980274e-07
-3.010161221027374268e-03 6.301514758888515644e-07
-2.608805894851684570e-03 6.308636102403397672e-07
-2.207450568675994873e-03 6.315523819466761779e-07
-1.806095242500305176e-03 6.319889962469460443e-07
-1.404743641614913940e-03 6.324568175841704942e-07
-1.003388315439224243e-03 6.328275503619806841e-07
-6.020329892635345459e-04 6.329975690277933609e-07
-2.006776630878448486e-04 6.332185762403241824e-07
2.006739377975463867e-04 6.332184625534864608e-07
6.020292639732360840e-04 6.329976258712122217e-07
1.003384590148925781e-03 6.328276640488184057e-07
1.404739916324615479e-03 6.324568175841704942e-07
1.806091517210006714e-03 6.319889394035271835e-07
2.207446843385696411e-03 6.315524387900950387e-07
2.608802169561386108e-03 6.308636670837586280e-07
3.010157495737075806e-03 6.301514758888515644e-07
3.411512821912765503e-03 6.294186505328980274e-07
3.812868148088455200e-03 6.285065978772763629e-07
4.214223474264144897e-03 6.277280135691398755e-07
4.615571349859237671e-03 6.268437573453411460e-07
5.016926676034927368e-03 6.260116265366377775e-07
5.418282002210617065e-03 6.251206627894134726e-07
5.819637328386306763e-03 6.241662617867405061e-07
6.220992654561996460e-03 6.231932729861000553e-07
6.622347980737686157e-03 6.222294359758961946e-07
7.023703306913375854e-03 6.212439984665252268e-07
7.425058633089065552e-03 6.201111091286293231e-07
7.826406508684158325e-03 6.189970918057952076e-07
8.227761834859848022e-03 6.178717626426077913e-07
8.629117161035537720e-03 6.167571200421662070e-07
9.030472487211227417e-03 6.154947982395242434e-07
9.431827813386917114e-03 6.143037580841337331e-07
9.833183139562606812e-03 6.130198357823246624e-07
1.023453846573829651e-02 6.116258646216010675e-07
1.063589379191398621e-02 6.102776524130604230e-07
1.103724166750907898e-02 6.088387181080179289e-07
1.143859699368476868e-02 6.074635621189372614e-07
1.183995231986045837e-02 6.059214001652435400e-07
1.224130764603614807e-02 6.043756002327427268e-07
1.264266297221183777e-02 6.027659082974423654e-07
1.304401829838752747e-02 6.012438120706065092e-07
1.344537362456321716e-02 5.995414085191441700e-07
1.384672895073890686e-02 5.978362196401576512e-07
1.424807682633399963e-02 5.960951057204511017e-07
1.464943215250968933e-02 5.942419534221698996e-07
1.505078747868537903e-02 5.924681545366183855e-07
1.545214280486106873e-02 5.905803845962509513e-07
1.585349813103675842e-02 5.887290512873732951e-07
1.625485345721244812e-02 5.868126891073188744e-07
1.665620878338813782e-02 5.847875286235648673e-07
1.705756410956382751e-02 5.827075142406101804e-07
1.745891943573951721e-02 5.807298180116049480e-07
1.786026731133460999e-02 5.785154826298821718e-07
1.826162263751029968e-02 5.763972126260341611e-07
1.866297796368598938e-02 5.742461439695034642e-07
1.906433328986167908e-02 5.719842874896130525e-07
1.946568861603736877e-02 5.697324922948610038e-07
1.986704394221305847e-02 5.673968530572892632e-07
2.026839926838874817e-02 5.650373395837959833e-07
2.066975459456443787e-02 5.626894790111691691e-07
2.107110247015953064e-02 5.602140049631998409e-07
2.147245779633522034e-02 5.577483648266934324e-07
2.187381312251091003e-02 5.552696507038490381e-07
2.227516844868659973e-02 5.526817403733730316e-07
2.267652377486228943e-02 5.501199211721541360e-07
2.307787910103797913e-02 5.474565227814309765e-07
2.347923442721366882e-02 5.448465003610181157e-07
2.388058975338935852e-02 5.420976663117471617e-07
2.428193762898445129e-02 5.393834499045624398e-07
2.468329295516014099e-02 5.366309778764843941e-07
2.508464828133583069e-02 5.338154664968897123e-07
2.548600360751152039e-02 5.309633479555486701e-07
2.588735893368721008e-02 5.281266908241377678e-07
2.628871425986289978e-02 5.251239372228155844e-07
2.669006958603858948e-02 5.222372010393883102e-07
2.709142491221427917e-02 5.192388812247372698e-07
2.749277278780937195e-02 5.162154934623686131e-07
2.789412811398506165e-02 5.131610123498830944e-07
2.829548344016075134e-02 5.100084194964438211e-07
2.869683876633644104e-02 5.069352368991530966e-07
2.909819409251213074e-02 5.036998231844336260e-07
2.949954941868782043e-02 5.004748118153656833e-07
2.990090474486351013e-02 4.972675355929823127e-07
3.030226007103919983e-02 4.939437872053531464e-07
3.070361539721488953e-02 4.907091692984977271e-07
3.110496327280998230e-02 4.873236889579857234e-07
3.150631859898567200e-02 4.839614575757877901e-07
3.190767392516136169e-02 4.805572757504705805e-07
3.230902925133705139e-02 4.771328576680389233e-07
3.271038457751274109e-02 4.736121752557664877e-07
3.311173990368843079e-02 4.701317095623380737e-07
3.351309522986412048e-02 4.665303663387021516e-07
3.391445055603981018e-02 4.629700356417743023e-07
3.431579843163490295e-02 4.593397875396476593e-07
3.471715375781059265e-02 4.556210342343547381e-07
3.511850908398628235e-02 4.520298091392760398e-07
3.551986441016197205e-02 4.482093913793505635e-07
3.592121973633766174e-02 4.445268757535814075e-07
3.632257506251335144e-02 4.406414291224791668e-07
3.672393038868904114e-02 4.369015300653700251e-07
3.712528571486473083e-02 4.329267824232374551e-07
3.752663359045982361e-02 4.290819788366206922e-07
3.792798891663551331e-02 4.250772178693296155e-07
3.832934424281120300e-02 4.211580346691334853e-07
3.873069956898689270e-02 4.171353964466106845e-07
3.913205489516258240e-02 4.130098147925309604e-07
3.953341022133827209e-02 4.089192486844694940e-07
3.993476554751396179e-02 4.047594188705261331e-07
4.033612087368965149e-02 4.005603386758593842e-07
4.073746874928474426e-02 3.963769756865076488e-07
4.113882407546043396e-02 3.920813185231963871e-07
4.154017940163612366e-02 3.877120491324603790e-07
4.194153472781181335e-02 3.833866344393754844e-07
4.234289005398750305e-02 3.789387221786455484e-07
4.274424538016319275e-02 3.744453920262458269e-07
4.314560070633888245e-02 3.699200874507369008e-07
4.354695603251457214e-02 3.653384510471369140e-07
4.394831135869026184e-02 3.606786265208938858e-07
4.434965923428535461e-02 3.559962635790725471e-07
4.475101456046104431e-02 3.512492128265876090e-07
4.515236988663673401e-02 3.464515145878976909e-07
4.555372521281242371e-02 3.415486276026058476e-07
4.595508053898811340e-02 3.365437919455871452e-07
4.635643586516380310e-02 3.315600736186752329e-07
4.675779119133949280e-02 3.264110830514255213e-07
4.715914651751518250e-02 3.212471142433059867e-07
4.756049439311027527e-02 3.159248080919496715e-07
4.796184971928596497e-02 3.105790824520227034e-07
4.836320504546165466e-02 3.050798795811715536e-07
4.876456037163734436e-02 2.995279828610364348e-07
4.916591569781303406e-02 2.937947272130259080e-07
4.956727102398872375e-02 2.879940552702464629e-07
4.996862635016441345e-02 2.820819133830809733e-07
5.036998167634010315e-02 2.760606037099933019e-07
5.077132955193519592e-02 2.698714922644285252e-07
5.117268487811088562e-02 2.634653810673626140e-07
5.157404020428657532e-02 2.570311892213794636e-07
5.197539553046226501e-02 2.503415714727452723e-07
5.237675085663795471e-02 2.434900352454860695e-07
5.277810618281364441e-02 2.364001687737982138e-07
5.317946150898933411e-02 2.291685490263262182e-07
5.358081683516502380e-02 2.217147425653820392e-07
5.398216471076011658e-02 2.139336459094920428e-07
5.438352003693580627e-02 2.060078543308918597e-07
5.478487536311149597e-02 1.977114862938833539e-07
5.518623068928718567e-02 1.891647798402118497e-07
5.558758601546287537e-02 1.802451947696681600e-07
5.598894134163856506e-02 1.709441050934401574e-07
5.639029666781425476e-02 1.611424522707238793e-07
5.679165199398994446e-02 1.509935572130416404e-07
5.719300732016563416e-02 1.402981553155768779e-07
5.759435519576072693e-02 1.290788134156173328e-07
5.799571052193641663e-02 1.170808729966665851e-07
5.839706584811210632e-02 1.043248900600701745e-07
5.879842117428779602e-02 9.061724171033347375e-08
5.919977650046348572e-02 7.583467009908417822e-08
5.960113182663917542e-02 5.963865845615146100e-08
6.000248715281486511e-02 4.168571976492785325e-08
