-6.040413305163383484e-02 2.618832617429234233e-08
-6.000277772545814514e-02 5.046697282296008780e-08
-5.960141867399215698e-02 7.163941262433581869e-08
-5.920006334781646729e-02 9.045590587675178540e-08
-5.879870802164077759e-02 1.073980655519335414e-07
-5.839735269546508789e-02 1.226876804594212444e-07
-5.799599364399909973e-02 1.367475590541289421e-07
-5.759463831782341003e-02 1.497407140504947165e-07
-5.719328299164772034e-02 1.617297726852484629e-07
-5.679192766547203064e-02 1.729401759575921460e-07
-5.639056861400604248e-02 1.833478933122023591e-07
-5.598921328783035278e-02 1.931683755174162798e-07
-5.558785796165466309e-02 2.024571870151703479e-07
-5.518650263547897339e-02 2.111226677925515105e-07
-5.478514358401298523e-02 2.193947779005611665e-07
-5.438378825783729553e-02 2.271239196716123843e-07
-5.398243293166160583e-02 2.345364720213183318e-07
-5.358107388019561768e-02 2.415613380435388535e-07
-5.317971855401992798e-02 2.481605747561843600e-07
-5.277836322784423828e-02 2.545092741002008552e-07
-5.237700790166854858e-02 2.605379165743215708e-07
-5.197564885020256042e-02 2.662806366515724221e-07
-5.157429352402687073e-02 2.717234792726230808e-07
-5.117293819785118103e-02 2.769847071704134578e-07
-5.077157914638519287e-02 2.819839721723838011e-07
-5.037022382020950317e-02 2.867285786578577245e-07
-4.996886849403381348e-02 2.913570824603084475e-07
-4.956751316785812378e-02 2.957527271973958705e-07
-4.916615411639213562e-02 2.999510968493268592e-07
-4.876479879021644592e-02 3.039708929009066196e-07
-4.836344346404075623e-02 3.078186239235947141e-07
-4.796208441257476807e-02 3.116242908163258107e-07
-4.756072908639907837e-02 3.152146916818310274e-07
-4.715937376022338867e-02 3.185902812674612505e-07
-4.675801843404769897e-02 3.219313953195523936e-07
-4.635666310787200928e-02 3.251448106311727315e-07
-4.595530405640602112e-02 3.281893157236481784e-07
-4.555394873023033142e-02 3.312549665679398458e-07
-4.515258967876434326e-02 3.340718421895871870e-07
-4.475123435258865356e-02 3.369076466697151773e-07
-4.434987902641296387e-02 3.395327325961261522e-07
-4.394852370023727417e-02 3.421628775868157391e-07
-4.354716837406158447e-02 3.446817515850852942e-07
-4.314580932259559631e-02 3.470845513220410794e-07
-4.274445399641990662e-02 3.494521649827220244e-07
-4.234309494495391846e-02 3.517999971336394083e-07
-4.194173961877822876e-02 3.539750821346387966e-07
-4.154038429260253906e-02 3.561858363809733419e-07
-4.113902896642684937e-02 3.582803458357375348e-07
-4.073767364025115967e-02 3.602631295507308096e-07
-4.033631831407546997e-02 3.622498354616254801e-07
-3.993495926260948181e-02 3.641983141733362572e-07
-3.953360393643379211e-02 3.659991421045560855e-07
-3.913224488496780396e-02 3.678504469917243114e-07
-3.873088955879211426e-02 3.696302712796750711e-07
-3.832953423261642456e-02 3.712849832027131924e-07
-3.792817890644073486e-02 3.729736874902300769e-07
-3.752682358026504517e-02 3.746083621081197634e-07
-3.712546452879905701e-02 3.761022639992006589e-07
-3.672410920262336731e-02 3.777531105697562452e-07
-3.632275015115737915e-02 3.793102507643197896e-07
-3.592139482498168945e-02 3.807545283507351996e-07
-3.552003949880599976e-02 3.822110272722056834e-07
-3.511868417263031006e-02 3.835490929304796737e-07
-3.471732884645462036e-02 3.849183087822893867e-07
-3.431596979498863220e-02 3.863186748276348226e-07
-3.391461446881294250e-02 3.876133689573180163e-07
-3.351325541734695435e-02 3.888368098614591872e-07
-3.311190009117126465e-02 3.900891272223816486e-07
-3.271054476499557495e-02 3.912911665793217253e-07
-3.230918943881988525e-02 3.925367764168186113e-07
-3.190783411264419556e-02 3.936470420740079135e-07
-3.150647878646850586e-02 3.947967002204677556e-07
-3.110511973500251770e-02 3.959022478738916107e-07
-3.070376440882682800e-02 3.970397415287152398e-07
-3.030240722000598907e-02 3.980554481586295879e-07
-2.990105003118515015e-02 3.991987398421770195e-07
-2.949969470500946045e-02 4.001333877567958552e-07
-2.909833937883377075e-02 4.012275667264475487e-07
-2.869698032736778259e-02 4.021812003429658944e-07
-2.829562500119209290e-02 4.031515743463387480e-07
-2.789426967501640320e-02 4.040229555357655045e-07
-2.749291434884071350e-02 4.049812503126304364e-07
-2.709155529737472534e-02 4.058268530116038164e-07
-2.669019997119903564e-02 4.068180317062797258e-07
-2.628884464502334595e-02 4.076275104125670623e-07
-2.588748559355735779e-02 4.085354987637401791e-07
-2.548613026738166809e-02 4.093537881999509409e-07
-2.508477494120597839e-02 4.101544561763148522e-07
-2.468341961503028870e-02 4.109608369162742747e-07
-2.428206056356430054e-02 4.117784442314587068e-07
-2.388070523738861084e-02 4.124618158130033407e-07
-2.347934991121292114e-02 4.131745754420990124e-07
-2.307799458503723145e-02 4.139651537116151303e-07
-2.267663553357124329e-02 4.146813523675518809e-07
-2.227528020739555359e-02 4.154261432631756179e-07
-2.187392488121986389e-02 4.160912112638470717e-07
-2.147256582975387573e-02 4.168083762579044560e-07
-2.107121050357818604e-02 4.174762864295189502e-07
-2.066985517740249634e-02 4.181113979484507581e-07
-2.026849985122680664e-02 4.187614877082523890e-07
-1.986714079976081848e-02 4.194052962702699006e-07
-1.946578547358512878e-02 4.200263106213242281e-07
-1.906443014740943909e-02 4.206319772492861375e-07
-1.866307482123374939e-02 4.212245414692006307e-07
-1.826171576976776123e-02 4.217727962441131240e-07
-1.786036044359207153e-02 4.223854830343043432e-07
-1.745900511741638184e-02 4.229576120451383758e-07
-1.705764606595039368e-02 4.234419179738324601e-07
-1.665629073977470398e-02 4.240393707277689828e-07
-1.625493541359901428e-02 4.245130753588455264e-07
-1.585358008742332458e-02 4.249943117429211270e-07
-1.545222103595733643e-02 4.254782481893926160e-07
-1.505086570978164673e-02 4.259926527083734982e-07
-1.464951038360595703e-02 4.264413178134418558e-07
-1.424815505743026733e-02 4.269440410098468419e-07
-1.384679600596427917e-02 4.274168077245121822e-07
-1.344544067978858948e-02 4.279054621747491183e-07
-1.304408535361289978e-02 4.282980512471112888e-07
-1.264272630214691162e-02 4.287666968139092205e-07
-1.224137097597122192e-02 4.291430570901866304e-07
-1.184001564979553223e-02 4.296146300930558937e-07
-1.143866032361984253e-02 4.300118803257646505e-07
-1.103730127215385437e-02 4.304242224861809518e-07
-1.063594594597816467e-02 4.307793517455138499e-07
-1.023459061980247498e-02 4.311655175115447491e-07
-9.833235293626785278e-03 4.315912178753933404e-07
-9.431876242160797119e-03 4.319256277085514739e-07
-9.030520915985107422e-03 4.323289886087877676e-07
-8.629165589809417725e-03 4.326514613239851315e-07
-8.227806538343429565e-03 4.329774583311518654e-07
-7.826451212167739868e-03 4.333977869919181103e-07
-7.425095885992050171e-03 4.337129553277918603e-07
-7.023740559816360474e-03 4.340537032021529740e-07
-6.622381508350372314e-03 4.344082071838784032e-07
-6.221026182174682617e-03 4.347861306541744852e-07
-5.819670855998992920e-03 4.351072107056097593e-07
-5.418315529823303223e-03 4.354182578936161008e-07
-5.016956478357315063e-03 4.358514331670448883e-07
-4.615601152181625366e-03 4.360840648587327451e-07
-4.214245826005935669e-03 4.365054167010384845e-07
-3.812886774539947510e-03 4.369241253243671963e-07
-3.411531448364257812e-03 4.372743376279686345e-07
-3.010176122188568115e-03 4.376866797883849358e-07
-2.608820796012878418e-03 4.380674170079146279e-07
-2.207461744546890259e-03 4.384386613764945650e-07
-1.806106418371200562e-03 4.386278931178821949e-07
-1.404751092195510864e-03 4.389068521959416103e-07
-1.003395766019821167e-03 4.390335561765823513e-07
-6.020367145538330078e-04 4.392064738567569293e-07
-2.006813883781433105e-04 4.392402104258508189e-07
2.006739377975463867e-04 4.392400114738848060e-07
6.020329892635345459e-04 4.392065022784663597e-07
1.003388315439224243e-03 4.390336130200012121e-07
1.404743641614913940e-03 4.389068237742321799e-07
1.806098967790603638e-03 4.386278931178821949e-07
2.207454293966293335e-03 4.384386329547851346e-07
2.608809620141983032e-03 4.380674454296240583e-07
3.010172396898269653e-03 4.376868218969320878e-07
3.411527723073959351e-03 4.372744228930969257e-07
3.812883049249649048e-03 4.369242105894954875e-07
4.214238375425338745e-03 4.365053882793290541e-07
4.615593701601028442e-03 4.360841501238610363e-07
5.016949027776718140e-03 4.358514047453354578e-07
5.418304353952407837e-03 4.354182578936161008e-07
5.819667130708694458e-03 4.351072107056097593e-07
6.221022456884384155e-03 4.347861022324650548e-07
6.622377783060073853e-03 4.344082071838784032e-07
7.023733109235763550e-03 4.340537316238624044e-07
7.425088435411453247e-03 4.337129553277918603e-07
7.826443761587142944e-03 4.333978438353369711e-07
8.227799087762832642e-03 4.329774299094424350e-07
8.629161864519119263e-03 4.326514897456945619e-07
9.030517190694808960e-03 4.323291022956254892e-07
9.431872516870498657e-03 4.319255708651326131e-07
9.833227843046188354e-03 4.315911610319744796e-07
1.023458316922187805e-02 4.311654606681258883e-07
1.063593849539756775e-02 4.307793801672232803e-07
1.103729382157325745e-02 4.304242224861809518e-07
1.143864914774894714e-02 4.300118803257646505e-07
1.184001192450523376e-02 4.296146016713464633e-07
1.224136725068092346e-02 4.291430570901866304e-07
1.264272257685661316e-02 4.287666399704903597e-07
1.304407790303230286e-02 4.282978238734358456e-07
1.344543322920799255e-02 4.279054053313302575e-07
1.384678855538368225e-02 4.274167793028027518e-07
1.424814388155937195e-02 4.269440410098468419e-07
1.464950665831565857e-02 4.264413462351512862e-07
1.505086198449134827e-02 4.259926242866640678e-07
1.545221731066703796e-02 4.254780776591360336e-07
1.585357263684272766e-02 4.249942548995022662e-07
1.625492796301841736e-02 4.245130469371360959e-07
1.665628328919410706e-02 4.240393707277689828e-07
1.705763861536979675e-02 4.234418895521230297e-07
1.745900139212608337e-02 4.229575836234289454e-07
1.786035671830177307e-02 4.223854830343043432e-07
1.826171204447746277e-02 4.217727678224036936e-07
1.866306737065315247e-02 4.212246267343289219e-07
1.906442269682884216e-02 4.206321477795427199e-07
1.946577802300453186e-02 4.200263106213242281e-07
1.986713334918022156e-02 4.194052962702699006e-07
2.026848867535591125e-02 4.187614592865429586e-07
2.066985145211219788e-02 4.181113695267413277e-07
2.107120677828788757e-02 4.174762580078095198e-07
2.147256210446357727e-02 4.168083762579044560e-07
2.187391743063926697e-02 4.160911828421376413e-07
2.227527275681495667e-02 4.154261148414661875e-07
2.267662808299064636e-02 4.146813239458424505e-07
2.307798340916633606e-02 4.139651821333245607e-07
2.347934618592262268e-02 4.131745185986801516e-07
2.388070151209831238e-02 4.124617021261656191e-07
2.428205683827400208e-02 4.117783873880398460e-07
2.468341216444969177e-02 4.109608653379837051e-07
2.508476749062538147e-02 4.101545130197337130e-07
2.548612281680107117e-02 4.093537881999509409e-07
2.588747814297676086e-02 4.085354419203213183e-07
2.628884091973304749e-02 4.076275388342764927e-07
2.669019624590873718e-02 4.068180032845702954e-07
2.709155157208442688e-02 4.058268814333132468e-07
2.749290689826011658e-02 4.049813639994681580e-07
2.789426222443580627e-02 4.040228986923466437e-07
2.829561755061149597e-02 4.031515175029198872e-07
2.869697287678718567e-02 4.021812003429658944e-07
2.909832820296287537e-02 4.012276235698664095e-07
2.949969097971916199e-02 4.001335014436335769e-07
2.990104630589485168e-02 3.991988535290147411e-07
3.030240163207054138e-02 3.980554481586295879e-07
3.070375695824623108e-02 3.970397699504246702e-07
3.110511228442192078e-02 3.959022194521821802e-07
3.150646761059761047e-02 3.947967002204677556e-07
3.190782293677330017e-02 3.936469568088796223e-07
3.230918571352958679e-02 3.925367479951091809e-07
3.271054103970527649e-02 3.912911381576122949e-07
3.311189636588096619e-02 3.900891272223816486e-07
3.351325169205665588e-02 3.888367245963308960e-07
3.391460701823234558e-02 3.876133121138991555e-07
3.431596234440803528e-02 3.863187032493442530e-07
3.471731767058372498e-02 3.849182803605799563e-07
3.511868044734001160e-02 3.835490076653513825e-07
3.552003577351570129e-02 3.822109135853679618e-07
3.592139109969139099e-02 3.807545283507351996e-07
3.632274642586708069e-02 3.793102223426103592e-07
3.672410175204277039e-02 3.777531105697562452e-07
3.712545707821846008e-02 3.761022639992006589e-07
3.752681240439414978e-02 3.746084473732480546e-07
3.792816773056983948e-02 3.729738011770677986e-07
3.832953050732612610e-02 3.712849547810037620e-07
3.873088583350181580e-02 3.696302428579656407e-07
3.913224115967750549e-02 3.678504754134337418e-07
3.953359648585319519e-02 3.659992557913938072e-07
3.993495181202888489e-02 3.641983425950456876e-07
4.033630713820457458e-02 3.622498923050443409e-07
4.073766246438026428e-02 3.602631295507308096e-07
4.113902524113655090e-02 3.582803742574469652e-07
4.154038056731224060e-02 3.561859216461016331e-07
4.194173589348793030e-02 3.539751958214765182e-07
4.234309121966362000e-02 3.518000823987676995e-07
4.274444654583930969e-02 3.494521365610125940e-07
4.314580187201499939e-02 3.470845513220410794e-07
4.354715719819068909e-02 3.446817231633758638e-07
4.394851997494697571e-02 3.421627923216874478e-07
4.434987530112266541e-02 3.395326757527072914e-07
4.475123062729835510e-02 3.369076466697151773e-07
4.515258595347404480e-02 3.340718990330060478e-07
4.555394127964973450e-02 3.312550518330681371e-07
4.595529660582542419e-02 3.281894009887764696e-07
4.635665193200111389e-02 3.251446401009161491e-07
4.675801470875740051e-02 3.219313953195523936e-07
4.715937003493309021e-02 3.185903096891706809e-07
4.756072536110877991e-02 3.152146348384121666e-07
4.796208068728446960e-02 3.116241487077786587e-07
4.836343601346015930e-02 3.078185955018852837e-07
4.876479133963584900e-02 3.039709781660349108e-07
4.916614666581153870e-02 2.999511252710362896e-07
4.956750199198722839e-02 2.957526987756864401e-07
4.996886476874351501e-02 2.913570824603084475e-07
5.037022009491920471e-02 2.867287776098237373e-07
5.077157542109489441e-02 2.819839437506743707e-07
5.117293074727058411e-02 2.769847071704134578e-07
5.157428607344627380e-02 2.717234508509136504e-07
5.197564139962196350e-02 2.662806366515724221e-07
5.237699672579765320e-02 2.605378028874838492e-07
5.277835950255393982e-02 2.545092172567819944e-07
5.317971482872962952e-02 2.481604894910560688e-07
5.358107015490531921e-02 2.415613948869577143e-07
5.398242548108100891e-02 2.345365999190107686e-07
5.438378080725669861e-02 2.271238628281935235e-07
5.478513613343238831e-02 2.193947921114158817e-07
5.518649145960807800e-02 2.111227672685345169e-07
5.558785423636436462e-02 2.024571870151703479e-07
5.598920956254005432e-02 1.931682334088691277e-07
5.639056488871574402e-02 1.833475522516891942e-07
5.679192021489143372e-02 1.729404033312675892e-07
5.719327554106712341e-02 1.617303837520012166e-07
5.759463086724281311e-02 1.497408703698965837e-07
5.799598619341850281e-02 1.367469195656667580e-07
5.839734151959419250e-02 1.226872115012156428e-07
5.879870429635047913e-02 1.073978879162496014e-07
5.920005962252616882e-02 9.045517401773395250e-08
5.960141494870185852e-02 7.163925630493395147e-08
6.000277027487754822e-02 5.046738138503314985e-08
