-1.681893467903137207e-01 1.326261553913354874e-07
-1.673677712678909302e-01 1.372294917700855876e-07
-1.665461808443069458e-01 1.404603011678773328e-07
-1.657246053218841553e-01 1.444878421352768783e-07
-1.649030297994613647e-01 1.483327594087313628e-07
-1.640814393758773804e-01 1.523524275626186864e-07
-1.632598638534545898e-01 1.570299872355462867e-07
-1.624382883310317993e-01 1.618113714130231529e-07
-1.616166979074478149e-01 1.672554930109981797e-07
-1.607951223850250244e-01 1.727713083710114006e-07
-1.599735468626022339e-01 1.794463884152719402e-07
-1.591519564390182495e-01 1.866541623485318269e-07
-1.583303809165954590e-01 1.942394050047369092e-07
-1.575088053941726685e-01 2.027167056439793669e-07
-1.566872149705886841e-01 2.112884232019496267e-07
-1.558656394481658936e-01 2.213497651837315061e-07
-1.550440639257431030e-01 2.307346846919244854e-07
-1.542224735021591187e-01 2.412605795143463183e-07
-1.534008979797363281e-01 2.525890749893733300e-07
-1.525793224573135376e-01 2.639160925355099607e-07
-1.517577320337295532e-01 2.758498283128574258e-07
-1.509361565113067627e-01 2.883392085095692892e-07
-1.501145809888839722e-01 3.016094183294626419e-07
-1.492929905652999878e-01 3.147199834074854152e-07
-1.484714150428771973e-01 3.283585670033062343e-07
-1.476498395204544067e-01 3.419263236992264865e-07
-1.468282490968704224e-01 3.561764003734424477e-07
-1.460066735744476318e-01 3.703898414642026182e-07
-1.451850980520248413e-01 3.841622628897312097e-07
-1.443635076284408569e-01 3.979080531735235127e-07
-1.435419321060180664e-01 4.119700918181479210e-07
-1.427203565835952759e-01 4.256372392319462961e-07
-1.418987661600112915e-01 4.379961922040820355e-07
-1.410771906375885010e-01 4.506255208980292082e-07
-1.402556151151657104e-01 4.630289538454235299e-07
-1.394340246915817261e-01 4.741825705423252657e-07
-1.386124491691589355e-01 4.842888188250071835e-07
-1.377908736467361450e-01 4.933792183692276012e-07
-1.369692832231521606e-01 5.014763360122742597e-07
-1.361477077007293701e-01 5.085625502943003085e-07
-1.353261321783065796e-01 5.144089527675532736e-07
-1.345045566558837891e-01 5.189433522900799289e-07
-1.336829662322998047e-01 5.221461378823732957e-07
-1.328613907098770142e-01 5.237836830929154530e-07
-1.320398151874542236e-01 5.238104563431988936e-07
-1.312182247638702393e-01 5.225916197559854481e-07
-1.303966492414474487e-01 5.200053010412375443e-07
-1.295750737190246582e-01 5.157291411705955397e-07
-1.287534832954406738e-01 5.099711302136711311e-07
-1.279319077730178833e-01 5.027881684327439871e-07
-1.271103322505950928e-01 4.945762270835984964e-07
-1.262887418270111084e-01 4.849840706810937263e-07
-1.254671663045883179e-01 4.743666295325965621e-07
-1.246455833315849304e-01 4.626836584975535516e-07
-1.238240003585815430e-01 4.498241708006389672e-07
-1.230024248361587524e-01 4.362379399935889523e-07
-1.221808418631553650e-01 4.224077088110789191e-07
-1.213592588901519775e-01 4.076792947671492584e-07
-1.205376833677291870e-01 3.924374425423593493e-07
-1.197161003947257996e-01 3.767823102407419356e-07
-1.188945174217224121e-01 3.608534200338908704e-07
-1.180729418992996216e-01 3.449664234267402207e-07
-1.172513589262962341e-01 3.293417023542133393e-07
-1.164297759532928467e-01 3.137309647627262166e-07
-1.156082004308700562e-01 2.977758981614897493e-07
-1.147866174578666687e-01 2.818685516103869304e-07
-1.139650344848632812e-01 2.662895610683335690e-07
-1.131434589624404907e-01 2.512209107408125419e-07
-1.123218759894371033e-01 2.370459952771852841e-07
-1.115002930164337158e-01 2.232333429219579557e-07
-1.106787174940109253e-01 2.095007829439055058e-07
-1.098571345210075378e-01 1.963978775165742263e-07
-1.090355515480041504e-01 1.837377112678950652e-07
-1.082139760255813599e-01 1.712017052568626241e-07
-1.073923930525779724e-01 1.597061043412395520e-07
-1.065708100795745850e-01 1.490629841782720177e-07
-1.057492345571517944e-01 1.388354888831599965e-07
-1.049276515841484070e-01 1.288913296093596728e-07
-1.041060686111450195e-01 1.191193348404340213e-07
-1.032844930887222290e-01 1.102053630575028365e-07
-1.024629101157188416e-01 1.019675934799124661e-07
-1.016413271427154541e-01 9.434803871499752859e-08
-1.008197516202926636e-01 8.735087675404429319e-08
-9.999816864728927612e-02 8.065790524369731429e-08
-9.917658567428588867e-02 7.423524550631555030e-08
-9.835501015186309814e-02 6.800473073553803260e-08
-9.753342717885971069e-02 6.242242989173973911e-08
-9.671184420585632324e-02 5.782180423352656362e-08
-9.589026868343353271e-02 5.331812147346681741e-08
-9.506868571043014526e-02 4.865147218424681341e-08
-9.424710273742675781e-02 4.453800173109812022e-08
-9.342552721500396729e-02 4.100434125575702637e-08
-9.260394424200057983e-02 3.780517232598867849e-08
-9.178236126899719238e-02 3.449021690471454349e-08
-9.096078574657440186e-02 3.134448078867535514e-08
-9.013920277357101440e-02 2.885574801325674343e-08
-8.931761980056762695e-02 2.618410022137140913e-08
-8.849604427814483643e-02 2.366894591432355810e-08
-8.767446130514144897e-02 2.212384941913114744e-08
-8.685287833213806152e-02 2.008430222133483767e-08
-8.603130280971527100e-02 1.811059391343405878e-08
-8.520971983671188354e-02 1.694877838076536136e-08
-8.438813686370849609e-02 1.599028642829125602e-08
-8.356656134128570557e-02 1.435583740772017336e-08
-8.274497836828231812e-02 1.284336104134808920e-08
-8.192339539527893066e-02 1.188296216980688769e-08
-8.110181987285614014e-02 1.115069636625776184e-08
-8.028023689985275269e-02 1.034540986211140989e-08
-7.945865392684936523e-02 9.638411846424332907e-09
-7.863707840442657471e-02 8.820856933766663133e-09
-7.781549543142318726e-02 7.930188949956118449e-09
-7.699391245841979980e-02 7.367917831402337470e-09
-7.617233693599700928e-02 7.428395232267348547e-09
-7.535075396299362183e-02 7.361692588858659292e-09
-7.452917098999023438e-02 6.756855519540749810e-09
-7.370759546756744385e-02 6.122284013088119536e-09
-7.288601249456405640e-02 5.575810035907124984e-09
-7.206442952156066895e-02 5.174927153461794660e-09
-7.124285399913787842e-02 5.091692845127226974e-09
-7.042127102613449097e-02 5.103531819372619793e-09
-6.959968805313110352e-02 5.058469199070714239e-09
-6.877811253070831299e-02 5.072862130361954769e-09
-6.795652955770492554e-02 5.109825895743824731e-09
-6.713494658470153809e-02 4.987919854926303742e-09
-6.631337106227874756e-02 4.430220634787929157e-09
-6.549178808927536011e-02 3.823313665662908534e-09
-6.467020511627197266e-02 3.758461986080874340e-09
-6.384862959384918213e-02 3.859469188682851382e-09
-6.302704662084579468e-02 3.833825701349269366e-09
-6.220546364784240723e-02 3.769321299529337921e-09
-6.138388812541961670e-02 3.735990183884041471e-09
-6.056230515241622925e-02 3.701544848411231214e-09
-5.974072217941284180e-02 3.658797265160274037e-09
-5.891914665699005127e-02 3.641366763673659079e-09
-5.809756368398666382e-02 3.585581165310713914e-09
-5.727598071098327637e-02 3.117820668308013410e-09
-5.645440518856048584e-02 2.465040838117715793e-09
-5.563282221555709839e-02 2.399927589991079913e-09
-5.481123924255371094e-02 2.454273673180296100e-09
-5.398966372013092041e-02 2.405750487710633934e-09
-5.316808074712753296e-02 2.362174233994096539e-09
-5.234649777412414551e-02 2.323212733301716071e-09
-5.152492225170135498e-02 2.223525141786808490e-09
-5.070333927869796753e-02 1.066481680744857385e-09
-4.988175630569458008e-02 1.221150847108276594e-09
-4.906018078327178955e-02 1.184287556910135208e-09
-4.823859781026840210e-02 1.147428818626394786e-09
-4.741701483726501465e-02 1.098864110815611639e-09
-4.659543931484222412e-02 7.451823186288564216e-11
-4.577385634183883667e-02 3.685801663877441570e-11
-4.495227336883544922e-02 0.000000000000000000e+00
-4.413069784641265869e-02 -7.608632474065402107e-12
-4.330911487340927124e-02 -1.075439515219045461e-09
-4.248753190040588379e-02 -1.110560421402340125e-09
-4.166595637798309326e-02 -1.147427375336462774e-09
-4.084438085556030273e-02 -1.184286890776320433e-09
-4.002279043197631836e-02 -1.221337253554111157e-09
-3.920121490955352783e-02 -2.281192346131888371e-09
-3.837963938713073730e-02 -2.294973100447350589e-09
-3.755804896354675293e-02 -2.331692172674593166e-09
-3.673647344112396240e-02 -2.368574447686455642e-09
-3.591489791870117188e-02 -2.405431853702566514e-09
-3.509330749511718750e-02 -2.442289481763282311e-09
-3.427173197269439697e-02 -2.472502425021616546e-09
-3.345015645027160645e-02 -3.507272472447198197e-09
-3.262856602668762207e-02 -3.553020988533717173e-09
-3.180699050426483154e-02 -3.589714303586788446e-09
-3.098541498184204102e-02 -3.626576150494997819e-09
-3.016382455825805664e-02 -3.663434222644923466e-09
-2.934224903583526611e-02 -3.700291628661034338e-09
-2.852067351341247559e-02 -3.737148368543330434e-09
-2.769908308982849121e-02 -3.773217738256562370e-09
-2.687750756740570068e-02 -4.901352657071811336e-09
-2.605593204498291016e-02 -4.847576118294227854e-09
-2.523434162139892578e-02 -4.884575410812885821e-09
-2.441276609897613525e-02 -4.921429486159922817e-09
-2.359119057655334473e-02 -4.958293775558786365e-09
-2.276960015296936035e-02 -4.995150071351872612e-09
-2.194802463054656982e-02 -5.032008143501798259e-09
-2.112644910812377930e-02 -5.068864883384094355e-09
-2.030485868453979492e-02 -5.105722067355600302e-09
-1.948328316211700439e-02 -5.142579695416316099e-09
-1.866170763969421387e-02 -5.192835494938208285e-09
-1.784011721611022949e-02 -6.276644093361483101e-09
-1.701854169368743896e-02 -6.253171758174858041e-09
-1.619696617126464844e-02 -6.289997411812464634e-09
-1.537537574768066406e-02 -6.326864809835797132e-09
-1.455380022525787354e-02 -6.363723326074932629e-09
-1.373222470283508301e-02 -6.400581398224858276e-09
-1.291063427925109863e-02 -6.437439026285574073e-09
-1.208905875682830811e-02 -6.474296654346289870e-09
-1.126748323440551758e-02 -6.511153838317795817e-09
-1.044589281082153320e-02 -6.548011466378511614e-09
-9.624317288398742676e-03 -6.584869982617647111e-09
-8.802741765975952148e-03 -6.621726278410733357e-09
-7.981151342391967773e-03 -6.658583462382239304e-09
-7.159575819969177246e-03 -6.695441090442955101e-09
-6.338000297546386719e-03 -6.732298274414461048e-09
-5.516409873962402344e-03 -6.769155902475176845e-09
-4.694834351539611816e-03 -6.806013086446682792e-09
-3.873258829116821289e-03 -6.842870270418188738e-09
-3.051668405532836914e-03 -6.879727898478904535e-09
-2.230092883110046387e-03 -6.916585526539620332e-09
-1.408517360687255859e-03 -6.953442710511126279e-09
-5.869269371032714844e-04 -6.990300338571842076e-09
2.346485853195190430e-04 -7.027157522543348023e-09
1.056224107742309570e-03 -7.064015594693273670e-09
1.877814531326293945e-03 -7.100873222753989467e-09
2.699390053749084473e-03 -7.137729962636285563e-09
3.520965576171875000e-03 -7.174587146607791510e-09
4.342555999755859375e-03 -7.211444774668507307e-09
5.164131522178649902e-03 -7.248302402729223104e-09
5.985707044601440430e-03 -7.285161807146778301e-09
6.807297468185424805e-03 -7.322014994315395597e-09
7.628872990608215332e-03 -7.358857079253766642e-09
8.450448513031005859e-03 -7.395758228057047745e-09
9.272038936614990234e-03 -7.432936932616485137e-09
1.009361445903778076e-02 -7.584454841946808301e-09
1.091518998146057129e-02 -6.506540639605873366e-09
1.173678040504455566e-02 -6.543161568117739080e-09
1.255835592746734619e-02 -6.580018752089245027e-09
1.337993144989013672e-02 -6.616876380149960823e-09
1.420152187347412109e-02 -6.653733564121466770e-09
1.502309739589691162e-02 -6.690591192182182567e-09
1.584467291831970215e-02 -6.727448376153688514e-09
1.666626334190368652e-02 -6.764305560125194461e-09
1.748783886432647705e-02 -6.801166296810379208e-09
1.830941438674926758e-02 -6.822841847053950914e-09
1.913100481033325195e-02 -5.876627184875360399e-09
1.995258033275604248e-02 -5.911735989627686649e-09
2.077415585517883301e-02 -5.948592729509982746e-09
2.159574627876281738e-02 -5.985450357570698543e-09
2.241732180118560791e-02 -6.022305321096155240e-09
2.323889732360839844e-02 -6.059135415625860333e-09
2.406048774719238281e-02 -6.096441573788524693e-09
2.488206326961517334e-02 -5.135810887679781445e-09
2.570363879203796387e-02 -5.169732197884968627e-09
2.652522921562194824e-02 -5.206595155016202625e-09
2.734680473804473877e-02 -5.243450118541659322e-09
2.816838026046752930e-02 -5.280306858423955418e-09
2.898997068405151367e-02 -5.318138818211082253e-09
2.981154620647430420e-02 -4.295045208380088297e-09
3.063312172889709473e-02 -4.390882324400990910e-09
3.145471215248107910e-02 -4.427735955658818057e-09
3.227628767490386963e-02 -4.464614011823186956e-09
3.309786319732666016e-02 -4.501454320404718601e-09
3.391945362091064453e-02 -4.207215020812782313e-09
3.474102914333343506e-02 -3.575183038506679623e-09
3.556260466575622559e-02 -3.612026677757285142e-09
3.638419508934020996e-02 -3.648889190799309290e-09
3.720577061176300049e-02 -3.685799443431392319e-09
3.802734613418579102e-02 -2.718292924086540552e-09
3.884893655776977539e-02 -2.759455774992147781e-09
3.967051208019256592e-02 -2.796312958963653728e-09
4.049208760261535645e-02 -2.833880463626314850e-09
4.131367802619934082e-02 -1.873232013949177599e-09
4.213525354862213135e-02 -1.906883539959380869e-09
4.295682907104492188e-02 -1.943600391740574196e-09
4.377841949462890625e-02 -2.103605289960341906e-09
4.459999501705169678e-02 -1.017447570639262722e-09
4.542157053947448730e-02 -1.054193177196793840e-09
4.624316096305847168e-02 -1.141284067252001933e-09
4.706473648548126221e-02 -1.279038264190290874e-10
4.788631200790405273e-02 -1.647598169007835622e-10
4.870790243148803711e-02 8.115959015952967093e-10
4.952947795391082764e-02 7.613738528533531280e-10
5.035105347633361816e-02 7.271924173934962710e-10
5.117264389991760254e-02 1.443373420784155314e-09
5.199421942234039307e-02 1.842452967970586997e-09
5.281579494476318359e-02 1.677734950966680572e-09
5.363738536834716797e-02 2.034560075969693571e-09
5.445896089076995850e-02 2.589267467101308284e-09
5.528053641319274902e-02 2.570056167883194576e-09
5.610212683677673340e-02 2.366783657947735264e-09
5.692370235919952393e-02 2.472092530680924938e-09
5.774527788162231445e-02 3.082522237463081183e-09
5.856686830520629883e-02 3.329653663897147453e-09
5.938844382762908936e-02 3.232240031181277118e-09
6.021001935005187988e-02 3.634583523037804298e-09
6.103160977363586426e-02 4.239637529934725535e-09
6.185318529605865479e-02 4.201489822719395306e-09
6.267476081848144531e-02 4.423135191444771408e-09
6.349635124206542969e-02 5.077424702903954312e-09
6.431792676448822021e-02 5.185209595026663010e-09
6.513950228691101074e-02 4.972028566641029101e-09
6.596109271049499512e-02 5.004386682827544064e-09
6.678266823291778564e-02 5.589553708773564722e-09
6.760424375534057617e-02 6.027925714136017632e-09
6.842583417892456055e-02 5.929523538839021057e-09
6.924740970134735107e-02 5.968344485296483981e-09
7.006898522377014160e-02 6.541109431879021940e-09
7.089057564735412598e-02 6.881457181862060679e-09
7.171215116977691650e-02 6.811180064403288270e-09
7.253372669219970703e-02 7.086148556822990940e-09
7.335531711578369141e-02 7.588339734354576649e-09
7.417689263820648193e-02 7.746258745555678615e-09
7.499846816062927246e-02 7.686908887194476847e-09
7.582005858421325684e-02 8.050137445536620362e-09
7.664163410663604736e-02 8.330481193752348190e-09
7.746320962905883789e-02 8.519617900049070158e-09
7.828480005264282227e-02 8.490685488027338579e-09
